454350	676,-460	9
1225700	-348,756	9
1789244	-924,772	9
3412385	-1452,-396	9
3743629	-380,-972	9
4418452	-796,916	9
4784160	308,-1436	9
4849284	-812,292	9
5813132	740,-828	9
9952905	772,-876	9
9969057	-1244,676	9
10256578	148,-1388	9
10550347	804,-364	9
12910862	212,788	9
13608818	212,-988	9
14827805	724,-764	9
17935288	-812,148	9
18259180	1284,-268	9
19238157	1156,628	9
19260687	852,100	9
20412575	212,1284	9
20427924	1300,-396	9
20794366	-380,628	9
24454155	196,-1292	9
26705192	-1452,228	9
26842716	-908,900	9
28096174	324,-1404	9
29566667	-1324,340	9
30739451	340,-924	9
31321949	1284,-780	9
31531814	836,-332	9
32238304	756,-748	9
32343823	1268,52	10
32415401	1108,-476	9
33625241	-1484,-380	9
34433508	-988,228	9
36464623	116,-876	9
36943256	-268,1284	9
37864337	324,1364	9
38087405	-940,644	9
39897333	-892,-316	9
40068460	-956,-892	9
40513525	-956,212	9
43900319	1220,-348	9
49054859	164,596	9
49366219	804,1156	9
49446695	-1404,132	9
53878469	-156,1220	9
55334424	1220,132	9
55651337	1204,740	9
56338847	1156,-204	9
56662940	308,-892	9
56777675	1348,164	9
56875407	-316,1252	9
58123181	1156,-284	9
58380631	1252,372	9
59408295	-748,-828	9
62194785	228,1220	9
62907366	212,1284	9
63808130	-796,-988	9
64221299	-380,660	9
65944823	228,-1004	9
67502436	-796,676	9
68435677	180,756	9
69227549	596,-940	9
69492039	-908,196	9
70410848	-508,-716	9
71128077	868,244	9
71690190	724,-524	9
72560222	-412,-988	9
73145638	276,-1356	9
74976110	-876,196	9
75409547	1380,-268	9
77393900	-380,-844	9
78875645	1156,-204	9
80127260	-220,-1292	10
83906075	228,1156	10
85900015	228,788	9
85941217	1140,-268	9
85988827	1220,-732	9
88217254	708,836	9
91795295	276,1316	9
92440102	788,772	9
93935823	868,212	9
94202020	-1036,-332	9
94330402	212,-1036	9
96499591	244,-972	10
97425890	260,1332	9
99055860	-908,-940	9
99224792	804,676	9
99396066	644,724	10
100162158	1316,756	9
100427632	660,836	9
103830836	1204,852	9
103885560	660,1188	9
105023308	-1324,244	9
105372800	-1068,772	9
105617424	-524,-972	9
105719260	-1436,-380	9
106869294	-828,756	9
111662313	308,-828	9
111713648	1140,356	9
112781674	820,-892	9
113462606	1268,-284	9
114612829	1156,148	9
116506687	1428,-252	9
117329785	596,-1340	9
118503746	-236,-940	9
118702259	-780,676	9
119879478	1124,196	9
120104803	-828,-940	9
120336530	-940,260	9
120613368	-796,-844	9
121603921	1172,-428	9
121823151	1300,-268	9
123568518	-1404,-508	9
123613025	260,-1404	9
125967035	1172,132	9
127086202	724,164	9
127705073	-1404,324	9
128022034	-828,-428	9
128265192	228,1220	9
128776030	-1388,52	9
129270485	100,-844	9
130333626	1284,180	9
130422649	-1484,196	9
133227592	564,-684	9
133846893	-396,1188	9
135101631	852,324	9
136093431	-844,-316	9
137748035	-956,276	9
141556535	836,-748	9
142446194	-220,756	9
143450137	-924,-348	9
143451527	-268,-956	9
144105285	-876,676	9
145496041	260,-972	9
146056353	-748,1300	9
146377040	660,-844	9
148445899	-956,692	9
149764731	-268,852	9
150963243	-1036,180	9
151861369	-332,644	9
152919323	-380,-1308	9
155340246	-332,-1388	9
155645359	692,-380	9
155965864	788,836	9
156869994	-1404,-332	9
158124302	-1420,-284	9
158556404	756,-508	9
158682386	340,-1004	10
158785041	-236,1172	9
159656249	820,692	9
160684380	-1004,180	9
161408829	788,772	9
161817145	164,1236	9
162130753	292,-956	9
163426733	-348,676	9
163657579	-876,-812	9
163943841	1172,292	9
166381716	-1052,868	9
166644874	-764,772	9
167672347	148,724	9
168914566	132,1188	9
169082333	-1324,244	9
169379872	-1468,148	9
170266165	1220,-396	9
170469676	-908,-364	9
170895732	-348,756	9
173739230	-348,-1068	9
175167759	756,740	9
177113621	-332,1236	9
177552002	1204,-908	9
178171637	1252,-412	9
178558179	1140,676	9
179477289	-348,1364	9
180046992	1316,-380	9
180404566	1460,-268	9
181045437	1220,68	9
181286793	-460,852	10
181656559	740,1092	9
182435597	-204,-1372	9
183968309	-204,1332	9
185774633	-524,-1308	9
186554249	900,-220	9
186770102	-476,1300	9
187052471	916,-316	9
187492944	-860,244	9
187594699	-828,-924	9
188076658	148,-1452	9
190753361	692,-412	9
190950488	-1068,-332	9
194849940	-972,-476	9
196424221	1364,276	9
198726683	-716,-1356	9
199282277	132,708	9
200261950	1444,-204	9
200585200	-364,1332	9
200781039	-956,-316	10
200975216	-332,772	9
201481199	-380,-844	9
201629028	-972,-828	9
202382170	708,756	9
204273024	324,-924	9
204615431	-300,-924	9
204875356	612,-1308	9
205478830	-796,-332	9
205802860	-476,1268	9
206984940	68,-1340	9
207680734	1156,772	9
207765293	-892,612	9
207780915	644,836	9
208174797	692,-908	9
208960365	-1004,-876	9
209400717	1124,276	9
210403939	244,-860	9
211616956	596,1268	9
211783966	-1436,-364	9
212431179	-348,756	9
214106740	132,-1036	9
214233225	-780,788	9
214550550	1316,660	9
214809844	-1468,340	9
215017659	788,1252	9
215209954	-972,900	9
216538649	84,692	9
216563426	-444,-876	9
216937912	-540,-828	9
218587699	-940,628	9
219180385	-1340,116	9
221627324	1140,-844	9
221732649	1252,84	9
221905673	-1452,-252	9
222335746	-876,68	9
224055081	-508,708	9
227453415	212,884	9
228852889	724,1252	9
228940969	324,1124	9
232858243	1236,-812	9
233710979	-892,-748	9
234066589	212,1092	9
234488599	-908,756	9
235488325	-940,-236	9
235500228	-956,740	9
235593800	660,-892	9
235699383	-764,-908	9
236161050	68,836	9
236435845	1284,292	9
238266170	-796,660	9
239595431	-1452,-380	9
242299983	-348,-844	9
243894395	-860,868	9
244610888	1412,-412	9
245515867	-1404,100	9
246667345	-956,644	9
248750095	660,788	9
248998115	244,788	9
249295860	1348,100	9
249299217	-748,612	9
250203964	852,-444	9
250728269	372,1364	9
250732061	-380,660	9
251326905	-780,-892	9
251824319	-300,1316	9
255265293	1396,644	9
257209935	180,1284	9
261241365	740,1300	9
264570758	1172,820	9
266350355	-924,308	9
266760173	708,1268	9
269299698	-812,660	9
269389475	180,-940	9
269947031	804,788	9
270264919	756,628	9
272409494	276,-844	9
273348844	-908,-876	9
273828450	132,804	9
275014180	-828,212	9
275254370	-1004,116	9
275311210	-988,-284	9
275892621	788,-780	9
275964678	1268,36	9
276605383	1300,-252	9
280362025	-828,132	9
280396731	740,1188	9
280602082	804,-892	9
280659227	804,884	9
280970306	676,-924	9
283742529	692,772	9
285013834	1268,-412	9
286388523	276,1380	9
287247206	-348,-860	9
287553263	-972,244	9
288162408	1108,740	9
289049213	-876,1236	9
289485608	-716,180	9
290409778	772,-860	9
290532086	-844,20	9
291123190	148,1300	9
291565285	-364,-844	9
292771261	772,804	9
293839154	-1420,324	9
296101488	180,-1068	9
296223475	-332,1412	9
298117789	724,-284	9
299251624	1124,-220	9
299734030	212,-1452	9
300893617	-940,756	9
301699438	804,644	9
301858778	-332,-764	9
303202794	756,-236	10
303959544	276,1348	9
305128051	-908,-268	9
306799917	132,1300	9
307009143	260,948	9
308183735	820,724	9
308929558	1300,84	9
309464974	772,-764	9
309621635	-876,916	9
312240044	-316,-1388	9
312543234	1348,132	9
312846211	-924,148	9
313996648	308,-1420	9
315879412	-332,724	9
316801588	1300,292	9
317267522	196,-1340	9
317573585	884,756	9
317983030	-828,820	9
318392881	-1036,-748	9
319701632	1284,660	9
321134052	-332,-908	9
322094831	772,-876	9
323094488	-412,-892	9
323509622	-892,-460	9
324806165	804,292	9
326884287	-860,164	9
327261008	-764,1156	9
327554428	-204,-1020	9
328677037	1396,276	9
328773017	1332,100	9
329268996	-1052,180	9
329748796	-860,-732	9
330443163	-908,-524	9
332615000	692,-428	9
333012061	-956,-428	9
336238612	-940,-876	9
338202066	276,788	9
340121274	1236,100	9
340293120	132,-1356	9
340575654	308,1252	9
340710740	884,740	9
341510869	1220,276	9
342510975	740,-252	9
342614340	756,1156	9
343022695	-1404,-364	9
344816540	-796,708	9
346021968	868,-892	9
346462233	-988,-348	9
350359720	1204,-924	9
351815548	916,-268	9
351972282	756,-1036	9
352724020	-428,1300	9
353202101	1188,116	9
353319794	-300,-924	9
353503268	-428,804	9
355942600	1300,-812	10
356281372	-828,724	9
356768587	52,1348	9
356774054	-300,1364	9
356939392	-172,-972	9
359184739	820,836	9
359397609	-380,-828	9
359783880	-204,-1404	9
361083382	-796,708	9
361661681	-1404,-380	9
362323106	292,1300	9
362384998	1284,100	9
363009755	-812,612	9
363229014	-460,-988	9
363663415	-924,-876	9
364556339	628,-812	9
364645959	148,1188	9
365172221	1284,212	9
365809135	52,724	9
368369064	788,116	9
368720847	-924,-428	9
368910965	1124,148	9
369028935	1428,180	9
369167907	804,-956	9
369318443	-956,-268	9
370563491	-252,-1420	9
374330055	228,-892	9
376453055	276,-844	9
379159890	1252,116	9
380458467	164,1188	9
382788763	-732,212	9
382963727	-1292,-780	9
383324757	916,-396	9
383445388	276,-796	9
383802751	804,1284	9
384078016	740,852	9
385516038	724,148	9
385687059	-924,-300	9
386044246	-540,260	9
386063074	-172,724	9
386126321	1220,52	9
387357579	-236,1364	9
387362847	100,-1468	9
387632011	1444,-300	9
388254901	-844,-908	9
393115682	-892,-844	9
396406718	-956,788	9
396827146	-812,-780	9
399932008	788,740	9
402209487	1204,756	9
402516127	-844,1332	9
407835176	-860,-908	9
411106592	756,-956	9
411757062	804,324	9
416774740	692,1204	9
417226866	724,708	9
417615411	116,-1468	9
417880522	1220,-252	9
420353715	-764,-236	9
420390368	36,1396	9
422564819	1220,132	9
423501307	1412,-492	9
424185372	-1324,68	9
424731836	852,132	9
425539257	-844,-972	9
427373465	-444,1300	9
427438367	868,644	9
428111010	132,1380	9
429578749	676,1172	9
430450294	884,708	9
430713832	1092,228	9
431724277	-268,1316	9
435389498	244,1300	9
435543441	-220,-1340	9
436709781	-1052,-476	9
438197804	-492,1140	9
438546509	-348,1348	9
438963491	-780,724	9
442090448	-716,1188	9
442424855	-844,-268	9
442792802	820,-780	9
443861428	-860,340	9
444002992	-956,-316	9
445286278	724,-1036	9
446870358	36,-860	9
446969231	612,-940	9
447519031	20,1172	9
447865318	1204,308	9
447982711	-316,-940	9
448556704	-764,-460	9
449895192	-828,308	9
450648262	-924,868	9
450973336	1188,-860	9
451318516	68,-1404	9
451322760	-1372,36	9
452184304	1204,596	9
454330256	-396,1412	9
456139405	644,36	9
458115616	1108,-220	9
458801460	-1404,132	9
459728895	-1276,676	9
464079508	292,-1404	9
464487042	4,-1436	9
467055287	-988,-972	9
467141584	692,628	9
470411321	1396,260	9
471026623	372,-972	9
471210541	1220,-428	9
473126597	308,1124	9
473385207	692,-1004	9
473460920	-1356,148	9
474152871	628,-1292	9
475535658	900,-348	9
477057140	1124,-348	9
478964783	-444,-716	9
480451838	692,1140	9
480488003	260,1220	9
480699823	804,740	9
481245374	756,-812	9
482125613	644,-924	9
482415140	820,-428	9
482737852	660,-924	9
482748768	-1004,-316	9
483180106	660,1300	9
483981432	756,724	9
484109729	148,-940	9
485968802	180,1364	9
486740607	-876,52	9
488533694	756,676	9
488820420	1220,836	9
490931512	-380,1188	9
491168835	180,-860	9
491494272	-780,836	9
493091870	164,772	9
493455236	-348,-1420	9
493548300	1124,-716	9
494158960	372,-940	9
494870208	-828,-332	9
497149333	-140,-956	9
497747629	772,692	9
498082533	-348,740	9
498315049	708,-412	9
498578274	-1228,276	9
499949279	884,324	9
500109336	36,-972	9
501758032	-508,724	9
506043101	644,-828	9
508193458	756,1268	9
508402688	-348,-956	9
509690401	-348,756	9
510240084	820,132	9
510276569	1364,20	9
510391360	-780,1236	9
510919081	196,740	9
511079586	-316,-1356	9
511290179	-428,1396	9
512487691	36,-1372	9
513195108	244,-828	9
514521463	-1420,-476	9
515016962	-844,-412	9
515036633	276,884	9
515113439	1412,148	9
515970176	244,772	9
516149008	1172,-364	9
518206285	-828,308	9
518215684	-844,708	9
518334104	-924,-220	9
521758788	692,-924	9
525146658	164,1428	9
526027871	-300,-1324	9
526038337	132,-812	9
527202103	260,-924	9
527345046	-268,-1340	9
527707821	724,852	9
528270388	-940,-988	9
528514421	-892,1140	9
528580628	-268,692	9
529290752	740,804	9
529398443	628,-300	9
531203843	-1484,-284	9
531770923	708,-380	9
534996288	804,244	9
537284749	836,-1004	9
537662192	-924,-348	9
538611051	852,1220	9
538702080	-508,1316	9
539889824	324,-1404	9
540257477	788,708	9
540360887	756,-844	9
541679837	-1004,-1036	9
542584697	1204,804	9
542905036	100,-1420	9
545247608	-156,-764	9
545319895	-460,708	9
546188064	1316,-268	9
547153451	-1052,-300	9
548134567	-428,-956	9
548177062	-748,-252	9
548212989	-876,-892	9
549281761	-876,676	9
552252336	804,100	9
553102619	1316,-428	10
553366400	1332,-460	9
556982196	-876,-348	9
558264075	244,-1404	9
558686698	820,-460	9
560861195	-956,-828	9
562744632	692,212	9
564259152	1108,196	9
565298355	836,-1020	9
565457893	1412,-380	9
566291683	-1372,-444	9
567698628	-1052,-364	9
568043118	772,-1068	9
568182368	-428,-764	9
569920961	660,884	9
570773208	148,-988	9
572909575	-300,-1372	9
573471594	-924,756	9
575472953	-236,-1020	9
575668671	1252,196	9
578733020	308,788	9
581188003	-1468,180	9
581470747	-396,804	9
581941795	-380,1268	9
583295862	772,820	9
584623276	1188,772	9
584822185	1284,276	9
585018944	1204,148	9
585765661	-940,-348	9
585909054	196,-1004	9
586017016	820,-908	9
586753402	-908,292	9
587665463	-1356,180	9
587703312	-892,-348	9
588335492	756,1252	10
591453857	-156,-1004	9
592498144	-428,772	9
593429805	-844,-444	9
594726236	132,1204	9
596620297	-1308,-428	9
596943744	1380,-492	9
598253955	1236,180	9
599940056	-924,804	9
601149148	-1260,-396	9
602346342	-908,180	9
602717585	-924,196	9
603124860	-892,852	9
603138926	244,1236	9
604046196	52,804	9
604294528	788,708	9
605949998	1412,244	9
606472724	804,116	9
607252462	132,740	9
608593246	-460,708	9
609170936	-892,-412	9
609979594	-316,-1340	9
610997784	-348,1284	9
612393353	-924,756	9
613025568	1140,-444	9
613110696	-412,1252	9
614478477	1268,-780	9
614788418	-764,804	9
615949256	68,-1452	9
617797905	868,100	9
618670114	-1356,-300	9
619086718	260,724	9
619422390	1396,164	9
619572011	-204,1220	9
619625071	788,196	9
620071015	788,212	9
620832398	180,-1020	9
622293453	1220,-332	9
623335042	-876,-284	9
623516535	-1036,740	9
623942033	-972,-476	9
624516030	-940,-828	9
624683354	-844,-1068	9
626008245	1284,-396	9
628645326	-732,564	9
628865848	1332,-540	10
629359389	660,-316	9
629706955	-1404,52	9
629832476	1204,-492	9
629935718	1140,-284	9
630966087	1284,-412	9
633357225	-1452,-236	9
634466225	-204,-972	9
635052340	772,244	9
635549551	1236,52	9
637487642	-940,-860	9
638919449	1156,772	9
640125490	148,836	9
640969109	164,724	9
641402586	-204,1396	9
641846799	-780,-876	9
642173846	1140,-844	9
644018307	-940,-764	9
644138416	-172,-1372	9
644593567	1428,228	10
645499558	1236,-764	9
646178851	-364,788	9
647491592	868,212	9
648040817	-876,-988	9
648160405	1412,36	9
648230911	-1276,724	9
648419956	-332,-1420	9
653041746	-380,772	9
653091911	-892,-924	9
653098750	-284,-1372	9
653936142	-1004,244	9
655704958	-908,788	10
656626095	1188,212	9
656635531	580,1268	9
657420976	-460,-908	9
658122482	1284,292	9
658244732	-284,932	9
658307029	308,740	9
659941853	612,1252	9
663125851	-1340,244	9
664098462	212,-1276	9
664526929	-732,1236	9
665904064	916,692	9
666244145	-908,-364	9
667459356	-380,-780	9
672344963	1348,164	9
676627137	772,292	9
677276575	1252,-316	9
677860155	1348,-204	9
677917218	1332,756	9
681423195	-444,836	9
682021159	-380,756	9
682497097	260,-876	9
683866411	772,-988	9
684152245	-1436,132	9
684400383	692,-956	9
684406539	-1324,-332	9
685666052	-908,-348	9
685724967	-860,-412	9
685993283	-1452,260	9
686070701	340,772	9
686216591	-348,1364	9
686962068	-1020,-828	9
689858972	84,1284	9
689866592	196,-876	9
690386940	-364,-988	9
690460969	-476,-796	10
691689952	1268,324	9
691699972	1268,-300	9
692308206	1412,-380	9
693103243	1204,740	9
695287181	340,-908	9
695666672	340,1156	9
698538589	276,-796	9
699792966	724,628	9
700017485	-204,1252	9
700806138	1268,-300	9
701075045	324,900	9
702003680	932,116	10
702043057	-1436,-172	9
702072078	804,-1276	9
703851159	1140,-460	9
704205632	1252,244	9
704699847	660,-1356	9
705502930	-268,-908	9
705613720	628,-332	9
707339999	-764,724	9
707901799	-812,-364	9
708158538	148,-1356	9
709997552	-412,-1420	9
710725200	-188,-1372	9
713090698	772,676	9
713201339	-1228,-348	9
713449369	196,-1020	9
714038529	-364,1348	9
714299496	-188,-764	9
714378524	-1468,-428	9
714956857	852,-892	9
715495993	692,100	9
716262601	-236,660	9
719014709	628,-316	9
719080517	68,-844	9
721523202	1316,-476	9
721728859	804,-796	9
721898200	1316,756	9
721965750	-860,196	10
722009066	-828,804	9
722035287	1268,356	9
722048488	916,788	9
722161418	-396,884	9
724203516	692,-876	9
724912222	1124,676	9
727241191	-476,756	10
728183503	340,-908	9
728698208	788,-428	9
728698357	-380,-1276	9
729780736	-220,1380	9
729922349	772,628	9
730194454	-1068,212	9
730702864	-1052,-332	9
730720642	-924,-236	9
731177200	-796,-220	9
732026080	-1036,772	9
732340614	692,756	9
732501035	788,148	9
732717623	852,-412	9
732741785	1252,68	9
732937657	-300,708	9
733713883	756,244	9
735173174	1156,-876	9
737229936	-1404,-284	9
738415551	132,788	9
741716447	324,724	9
742115567	-844,-892	9
742552788	228,-1388	9
742838220	292,1092	9
744351624	1236,772	9
747262319	1236,676	9
750783978	-396,692	9
753942662	644,-924	9
755235317	308,1396	9
756368925	-924,-492	9
757348620	180,-1324	9
757789105	692,772	9
758651636	276,-956	9
759558651	-764,-780	9
763094158	324,1380	9
763443924	612,740	9
763714163	-908,116	9
763838273	612,-924	9
764401146	-972,-204	9
764804939	788,-796	9
768444905	628,164	9
769288276	756,-828	9
771808392	292,-1452	9
773817532	-396,1236	9
774121596	20,-1020	9
776099073	-380,-876	9
776896433	-380,1460	9
776987581	692,-780	9
777019156	-316,1300	9
777140942	-1436,-252	9
778253337	-332,1284	9
780397803	180,-796	9
781893939	-844,628	9
784103710	-1356,644	9
785236424	228,-1468	10
787122484	-860,-988	9
787392833	1204,-236	9
789768711	756,1204	9
790621341	708,-828	9
790857719	324,820	9
793482717	-796,-380	9
794051598	-1356,132	9
795230845	932,-476	10
795739825	-396,-1052	9
795965527	164,804	9
797969523	628,-876	9
799761220	-492,-908	9
800277456	1172,-828	9
803492302	-364,1252	10
804111004	-428,-876	9
804143557	-796,916	9
804544540	-188,-1340	9
805014926	-892,-1052	9
805630504	708,676	9
806406981	-1004,-364	9
806454440	-412,1396	9
806742909	-1356,260	9
806806275	-828,676	9
806988845	260,-892	9
807502797	724,-412	9
809192341	772,836	9
810162285	-860,724	9
810756991	-268,-844	9
811225741	260,-892	9
811262401	1316,-348	9
811522082	-876,1156	9
812401461	900,-476	9
812515589	260,-876	9
812667641	724,-860	9
813122757	-844,740	9
813415635	1364,-428	9
814840795	1300,180	9
815173865	-364,1092	9
816670917	228,-1452	9
818244883	-1340,-236	9
818531692	164,1364	9
818654440	708,-940	10
820773184	-732,1332	9
821259347	1236,884	9
821336374	676,644	9
822981020	628,708	9
823387854	-412,804	9
824266125	-828,-300	10
825896490	932,-876	9
825974932	-828,1236	9
827614313	-1340,292	9
829715979	1124,308	9
831617576	-1036,788	9
833054526	-252,-764	9
833617435	1172,708	9
834460711	1332,564	9
835635912	1236,324	9
836672859	1252,660	9
837469482	-188,820	9
837942216	660,1236	9
838516780	356,-1068	9
838865506	676,932	9
839359093	612,-252	9
839615512	1380,-220	9
840712990	804,836	9
840921302	-1004,180	9
841067003	-1004,-828	9
843960302	-380,-876	9
844485622	852,164	9
844743246	756,-892	9
847692020	836,-860	9
848496886	-1484,68	9
848641579	292,-892	9
851225804	-892,-732	9
851517452	-908,852	9
852170163	660,-764	9
853434890	-988,676	9
854432862	740,84	9
854543954	-972,-364	9
857173643	-1468,-236	9
857668199	-860,-172	9
859856532	-1420,-220	9
860098356	-1308,-764	9
860110082	1316,180	9
861295089	-220,-1276	9
863407051	-460,1236	9
863657937	692,-332	9
864072373	724,1268	9
864345341	788,-860	9
864697244	-924,-716	9
864842078	196,1364	9
865123130	1364,100	9
867396824	-972,788	9
868265352	-412,-924	9
868925453	1316,84	9
870208837	-860,276	9
870760224	1252,756	9
871783677	676,-1308	9
872187431	-1356,-444	9
872400934	-396,-972	10
872507902	1220,820	9
873032821	-892,164	9
873130484	644,-380	9
874526181	212,1236	9
875475008	-1436,180	9
875990567	196,-972	9
876065900	-924,-364	9
877549286	692,-924	9
878375271	-764,356	9
879780420	708,1220	9
882632141	740,756	9
883455191	-972,-876	9
884334617	1284,676	9
885967291	724,84	9
886615014	-1004,228	9
888027088	-268,-1324	9
889870212	1220,180	9
891651920	756,1348	9
893122080	-1372,-332	9
893642035	164,1380	9
894055023	-460,1364	9
895090464	1332,36	9
902884937	-284,-956	9
905651643	-956,-332	9
906706290	1220,-348	9
907418018	-1436,52	9
907807893	-796,-924	9
908176451	1172,804	9
908269335	-892,-172	9
908570387	1300,228	9
909788921	-1340,-300	9
909970009	692,116	9
910465060	-988,20	9
915656447	-1452,-268	9
916856696	-796,36	9
917192690	1348,-492	9
917378064	-236,1204	9
917548407	-988,292	9
918718537	708,692	9
918730022	804,-956	9
918802969	-1452,-332	9
919189046	-860,724	9
920385627	68,-844	9
920669476	724,1236	9
920939243	1268,148	9
923160616	772,900	9
924009544	1220,68	9
924255248	-348,-940	9
925027337	772,-428	9
925458159	-700,1284	9
927356686	-844,740	9
928167846	772,756	9
928508106	-332,-1372	9
928676713	756,-812	9
931728447	-940,-444	9
932438363	-812,-796	9
932478678	116,1172	9
932989597	-252,1300	9
933528263	708,756	9
935037391	-252,804	9
935119891	-764,-924	9
935870152	-1388,-284	9
937535420	-876,-876	9
938561724	292,-924	9
938941570	-236,-940	9
939052066	196,-1484	9
939843588	852,276	9
940679408	-940,-924	9
940773215	-348,-1036	9
940794607	-828,756	9
941042874	740,724	9
941804395	-268,1284	9
941930982	356,1204	9
944264723	820,212	9
946147162	-236,756	9
949846685	-236,-1420	9
950364931	196,-1292	9
950834091	244,-1036	9
952386481	724,1332	9
952446786	-332,692	9
955475661	-908,-300	9
956208902	1236,-444	9
957075554	1220,260	9
958961960	772,308	9
961608835	-284,1300	9
962008313	-236,1348	9
962080203	1236,708	9
962837683	244,-1420	9
963014328	-428,740	9
964948754	820,180	9
965639034	-1356,356	9
966298068	276,1268	9
967305546	1332,-252	9
967358761	116,836	9
967990795	-860,884	9
970259638	-380,1332	9
971870453	244,772	9
972936013	1236,356	9
974468902	-956,164	9
974519603	772,-220	9
976428590	1284,340	9
977010933	-924,-860	9
977288795	356,788	9
978755667	1316,-364	9
979288396	340,1236	9
979416074	1364,228	9
979580510	-1292,340	9
979860768	772,804	9
980564720	-1020,596	9
982525633	772,772	9
983379058	340,-860	9
985279986	-1388,-332	9
986034934	372,-892	9
986624119	772,148	9
986637548	-892,852	9
987097745	-908,164	9
987860787	756,1188	9
990308846	820,1172	9
990916182	820,148	9
991322695	260,1220	9
991507591	-1420,-492	9
992142603	1236,788	9
992241231	596,1252	9
992363277	292,1364	10
994327167	-860,196	9
995885787	612,1188	9
995980171	804,708	9
996245291	1172,148	9
997272842	-380,1188	9
997363544	740,-860	9
998104775	84,-796	9
998626536	708,772	9
999160796	-300,788	9
1001117354	228,1396	9
1002194027	244,1364	9
1003206091	1284,724	9
1003484834	-908,868	9
1004425973	820,820	9
1005037559	276,-1036	9
1005389078	-844,-220	9
1006647885	-348,1252	9
1010238575	-828,-892	9
1011607580	-924,-860	9
1013355586	1284,-332	9
1013776829	-860,-508	9
1014411175	-924,-1020	9
1014734666	692,724	9
1016200524	-364,-956	9
1018265064	-860,-924	9
1021583885	1316,-428	9
1021629868	-412,-1436	9
1022064567	260,-1276	9
1022153284	596,-1020	9
1022871345	-1404,388	9
1022978687	-1084,196	9
1023711458	868,-412	9
1024352684	-380,1284	9
1024899947	-796,-348	9
1028061848	1252,84	9
1028753825	1332,196	9
1031220622	1364,372	9
1031453870	244,-1436	9
1032356394	-972,-364	9
1032803069	-396,-892	9
1032872810	-828,900	9
1033526196	-348,-956	9
1034098463	884,708	9
1035215540	692,724	9
1035648268	772,-332	9
1035773658	-828,852	9
1037244175	-1260,132	9
1037436543	68,1204	9
1040146737	1236,756	10
1040503772	1140,196	9
1042574810	1172,-924	9
1042591159	804,180	9
1043253649	708,-444	9
1044032431	1348,692	9
1045018942	-332,-780	9
1045531606	-940,772	9
1045683728	292,-956	9
1046434775	676,612	9
1048639304	628,-828	9
1049130892	1316,-220	9
1051109070	-492,1220	9
1051251491	1220,116	9
1051459972	-332,-1468	9
1052384542	1220,-476	9
1053288623	-908,292	9
1056098376	-956,724	9
1056134698	-172,-1404	9
1056821072	724,852	9
1058670808	-1388,116	9
1059402724	-316,-780	9
1060858773	-220,1284	9
1060860480	-364,692	9
1064059418	-364,788	9
1065302675	756,-364	9
1065671268	-908,180	10
1065887768	-940,724	9
1066176813	-1404,-396	9
1066770745	36,-1468	9
1066811823	-812,1268	9
1067798056	-860,-828	9
1068005963	-1052,-876	9
1068049165	1220,-828	9
1070632476	-908,692	9
1071095251	1364,564	9
1071129608	-812,724	9
1071571880	100,884	9
1072303887	-940,148	9
1075549311	-924,-844	9
1077004028	-508,1268	10
1077301346	772,772	9
1077673120	1236,-460	9
1077943276	-268,1204	9
1077957753	804,868	9
1078932459	-1004,-1036	9
1082143578	-972,-332	9
1082948466	1236,660	9
1084817251	100,1172	9
1084852968	-412,884	9
1085368845	740,-828	9
1085600630	1172,196	9
1087386267	-1340,212	9
1087441185	36,-956	9
1087913365	852,-940	9
1088113417	788,52	9
1089825305	-1020,340	9
1089904405	148,-1420	9
1090675883	-860,708	10
1091235241	4,-860	9
1091404657	740,-892	9
1091643664	-1468,-364	9
1092679390	212,772	9
1094064530	-956,612	9
1094478775	-876,84	9
1096942323	292,1268	9
1097205475	708,-956	9
1098485712	-364,-1356	9
1100090287	756,180	9
1101062445	1316,724	9
1101960884	1108,132	9
1102093112	-380,-892	9
1102326792	1364,148	9
1106701318	708,228	9
1107660796	820,-284	9
1107715624	-348,-1356	9
1108097650	-1004,308	9
1109612230	1348,644	9
1109614425	-412,-860	9
1110285372	-1036,740	9
1110435660	-508,1300	9
1110933879	772,148	9
1111453007	-348,-1388	9
1111652796	-284,612	9
1111761908	1236,-540	9
1112576844	100,708	9
1113751730	756,1188	9
1114919863	836,-316	9
1115163154	-812,-956	9
1115485395	-1356,196	9
1118455017	244,1140	9
1119602326	-860,772	9
1120553930	148,772	9
1121107456	756,-268	9
1121321972	756,-444	9
1121588233	1204,244	9
1121691955	-300,-1452	9
1123097103	52,-1500	9
1123109443	724,644	9
1124091033	100,1332	9
1124143297	164,-940	9
1124423232	-812,-1004	9
1127226782	1220,292	9
1128138271	756,-236	9
1129669847	-1436,276	9
1130250336	-1292,-380	9
1131964138	-908,724	9
1135338457	-1340,196	9
1135732449	1284,-348	9
1136193466	596,-444	9
1136353542	-956,-428	9
1138544059	772,-316	9
1139721433	-940,-812	9
1140432796	-1308,244	9
1140564968	-908,-428	9
1141488412	4,1236	9
1141619872	-1340,-300	9
1142921792	756,-972	9
1144069030	-332,804	9
1144078565	1284,-364	9
1147218773	-364,1172	9
1147966418	-956,228	9
1149922627	788,116	9
1151602324	-1388,52	9
1152438311	-1468,-396	9
1155565701	-988,-316	9
1155864005	148,772	9
1156806768	-540,-940	9
1157933705	1188,-812	9
1158783446	260,1428	9
1158793580	-332,1220	9
1159105588	148,820	9
1160109494	-380,1316	9
1160285972	1140,-828	9
1161953357	-908,756	9
1162188748	-892,244	9
1164753313	-1020,-204	9
1164990898	-812,308	9
1165295976	788,1252	9
1165634798	1124,-316	9
1166437693	724,-892	9
1166904315	836,-796	9
1169298641	-780,724	9
1169692173	-876,-988	9
1172209445	-268,-940	9
1172288511	676,1252	9
1172915968	-332,1300	9
1173107165	-796,548	9
1173496071	-1308,196	9
1174943656	724,1236	9
1175526458	340,1252	9
1176668404	644,-876	9
1178479418	180,836	9
1179146490	356,756	9
1181680559	-764,-444	9
1181974135	100,660	9
1182073450	724,868	9
1182670847	884,-828	9
1182725527	1252,-796	9
1183069583	-796,-1276	9
1183404460	-1324,356	10
1185316751	-1356,308	9
1186404967	-172,-876	9
1187074514	756,1300	9
1188161558	596,-876	9
1188669350	-1420,-236	9
1191091313	-540,-1084	9
1195200528	-1388,68	9
1197194191	740,1092	9
1197757512	676,-764	9
1201845524	1332,340	9
1202121233	-940,-716	9
1202649523	260,-1020	9
1203457007	-972,-284	9
1203630521	-892,-380	9
1205144867	852,756	9
1206426331	-268,1332	9
1206806493	324,-764	9
1207710454	-300,1172	10
1208752376	-380,804	9
1211100731	196,-860	9
1211853175	-300,724	9
1212482442	692,788	9
1212560266	1316,-508	9
1213416279	660,-940	9
1214955851	724,244	9
1215461759	1236,-204	9
1215793516	20,708	9
1215818791	148,-892	9
1216940964	1204,292	9
1220204777	1124,-700	9
1220819637	-860,884	9
1222278503	-908,-844	9
1223121919	1284,596	9
1223328270	724,-940	9
1223419341	372,612	9
1223518194	628,628	9
1224120497	340,-908	9
1225210459	564,-364	9
1225413460	916,-780	9
1227233972	-316,-972	9
1227470363	-924,-860	9
1229000690	-876,820	9
1229298944	852,-908	9
1229686706	772,-316	9
1229886065	-1004,-892	9
1230849029	1172,244	9
1231091209	-812,68	9
1231269664	-892,84	9
1232880467	-236,1220	9
1234497330	-764,-892	9
1236930914	-940,-796	9
1237554387	804,708	9
1237627889	164,-1404	9
1237706529	-412,308	9
1238476578	-892,804	9
1239441536	-1500,-284	9
1241964098	-908,-1068	9
1242662847	-316,-1420	9
1243332232	-332,1268	9
1243745002	-268,804	9
1248042218	-172,756	9
1250921350	676,1188	9
1250961498	148,1348	9
1251060476	324,1300	9
1251996496	-940,-940	9
1252328580	-812,1204	10
1253439902	-924,884	9
1254455561	644,1380	9
1256660914	-460,1284	9
1259281015	-844,212	9
1259441400	-508,1284	9
1260779040	-316,1300	9
1266226916	-1356,-508	9
1269199719	164,1332	9
1270380507	-732,-892	9
1270959931	-1420,-236	9
1271100923	-780,-380	9
1272352357	-892,116	9
1273987255	372,804	9
1274636384	-844,-236	9
1276029501	836,900	9
1278299264	724,1220	9
1278671125	-220,884	9
1279600286	372,868	9
1280314129	-908,-940	9
1281129657	-332,1396	9
1281629605	-956,260	9
1282670392	132,-940	9
1282973406	-876,740	10
1285493054	292,820	9
1287077373	836,756	9
1290490227	-860,-924	9
1291085405	644,740	9
1292003248	-300,1364	9
1292295230	-828,-220	9
1293001960	772,-380	9
1296671576	740,644	9
1298247070	1332,-396	9
1298252569	-908,-188	9
1299427113	-268,-828	9
1300075676	-268,1316	9
1300252112	-956,708	9
1300924389	-1388,276	9
1302044402	-956,-316	9
1302609450	1316,-396	9
1307277020	244,884	9
1307535144	932,740	9
1307981284	228,-1436	9
1311580219	-844,868	9
1311932517	676,836	9
1312448203	596,756	9
1312706826	100,-988	9
1315098041	292,-908	9
1317339181	36,1236	9
1318417532	-860,116	9
1322341411	-316,-860	9
1323061444	-812,820	9
1323082619	756,164	9
1324022009	-444,-1308	9
1324093507	564,708	9
1324960182	772,772	9
1327809983	724,1204	9
1328723384	-876,1220	9
1329773873	-428,1348	9
1329788258	-1420,-348	9
1330787083	-284,-1292	9
1332018011	-972,-364	9
1332826438	692,-844	9
1333465642	-1372,-236	9
1336112697	196,-908	9
1337827112	-716,868	9
1341618465	1268,-332	9
1342595633	1236,196	9
1342928060	900,-892	9
1345198223	644,772	9
1346105986	-1068,-1020	9
1347579693	-412,1332	10
1348451387	1300,164	9
1349573177	868,-892	9
1351553611	196,-892	9
1351814419	756,-828	9
1354923607	-332,1284	9
1355021477	-940,740	9
1355360635	-812,580	9
1355517158	260,-780	9
1356976281	644,1156	9
1357574654	772,596	9
1357811009	-1308,-348	10
1358308707	-364,1204	9
1360082757	-460,1300	9
1360857916	292,676	9
1361043427	-1004,148	9
1361162594	1172,-364	9
1363576775	180,740	9
1364574027	100,804	9
1365121967	-844,-316	9
1365141959	-908,276	9
1366107095	868,-812	9
1369194683	804,628	9
1369474691	-796,612	9
1370315809	804,-908	9
1370433450	1284,-316	9
1370499027	148,1220	9
1371126699	-876,676	9
1372163116	132,1284	9
1372930117	-1020,-348	9
1373129642	-844,308	9
1374327658	1140,-908	9
1374724123	116,-764	9
1375261152	-412,916	9
1378433300	660,772	9
1382036012	580,1300	9
1382901081	1252,-396	9
1384284582	-844,-908	10
1384337087	1268,772	9
1384758146	-876,788	9
1384821012	-1404,180	9
1387032644	-300,-940	9
1387668913	612,-844	9
1388672493	148,-748	9
1389866674	788,692	9
1391361495	-796,-316	9
1392670196	1108,852	9
1396334820	740,-828	9
1397282613	180,-956	9
1397321922	756,196	9
1397638331	660,660	9
1399725269	132,884	9
1402556285	1332,356	9
1403873939	-236,-764	9
1404120648	916,-972	9
1405668616	1348,-508	9
1405703642	-1340,260	9
1406144941	-860,692	9
1409139831	708,-1004	9
1409896504	-364,1204	9
1410163752	260,-860	9
1410282934	196,1156	9
1412899295	180,-924	9
1413113426	180,1252	9
1413636533	1444,276	9
1414281981	244,-908	9
1415377607	-844,852	9
1417232066	-316,-1308	9
1417357312	164,1108	9
1420723271	-988,-748	9
1420884900	804,164	9
1421916277	-252,-972	9
1422107397	-1452,-348	9
1423265309	-940,-988	9
1424169181	1236,740	9
1425847343	356,836	9
1425976478	260,1428	10
1426094463	-476,1236	9
1427172773	180,-1260	9
1431027675	-876,820	9
1432662640	-1436,-188	9
1434869838	1220,-348	9
1436460661	388,1332	9
1437755393	-940,-940	9
1439055119	836,-364	9
1439672835	-332,-860	9
1441365861	580,1140	9
1442050957	1332,164	9
1442803588	292,-972	9
1443696156	-1004,356	9
1445488301	676,772	9
1445624980	1140,-428	9
1445688644	1172,260	9
1446463831	692,-828	10
1447524858	868,676	9
1447642993	900,-316	9
1448243228	-1388,148	9
1448376519	228,-892	9
1448828957	-236,724	9
1451802612	-1420,164	9
1452490028	-860,-380	9
1453628287	756,756	9
1454514059	-988,-380	9
1456496512	-1340,-284	9
1457046456	-988,-476	9
1457769286	-972,244	9
1458390934	1316,-476	9
1459223152	-876,-428	9
1460362881	100,-1324	9
1467779367	372,-940	9
1467976014	-876,1172	9
1468768857	1188,916	9
1469341721	308,-1452	9
1470135399	-908,884	9
1470820807	916,-1036	9
1471918675	-348,-1324	9
1472257781	612,-844	9
1474049110	-476,660	9
1475859677	1252,244	10
1476504189	1316,180	9
1476670094	-876,756	9
1478007050	-1324,-268	9
1479288143	-284,788	9
1480302745	-796,-764	9
1481583947	164,-1436	9
1482124043	-1452,196	9
1482215029	244,1380	9
1482449094	148,-1452	9
1483674190	-972,-252	9
1485544244	788,1220	9
1485956941	-876,-380	9
1487119405	-876,1188	9
1489107487	692,-460	9
1490245874	-988,212	9
1490568442	-1052,-412	10
1491252506	196,1188	9
1491472327	724,196	9
1492685471	708,-1052	10
1493461633	-844,612	9
1493508025	-940,180	9
1493725568	1268,580	9
1494039100	644,1348	9
1496212108	-812,228	9
1496786791	-860,-476	9
1497968024	-492,756	9
1497976223	244,-860	9
1501983485	244,1252	9
1503280037	1220,68	9
1503720212	-924,244	9
1504173356	-748,-284	9
1504586613	-940,-812	9
1505165112	212,-956	9
1505864922	836,1252	9
1506145001	772,644	9
1507022681	196,1252	9
1507086598	180,820	9
1507704647	1284,-796	9
1509542380	-812,-332	9
1510499961	836,-876	9
1511256637	-1388,116	9
1512116174	-364,676	9
1512748652	-828,1268	9
1514481494	276,-1036	9
1515217747	900,-876	9
1515813782	1412,276	9
1516619691	740,180	9
1517910454	676,692	9
1518164711	820,132	9
1519214814	164,1204	9
1519916480	836,180	9
1520654803	1252,308	9
1521078842	-972,-828	9
1521689264	132,820	9
1522956196	-1020,276	10
1524061072	1172,276	9
1525090222	-1372,196	9
1526564367	1252,212	9
1527954549	292,916	9
1528271895	1140,-204	9
1529122897	20,-1516	10
1529411852	756,580	9
1529699567	292,1316	9
1530177056	-300,1332	9
1530692514	916,772	9
1530767674	-316,-1468	9
1531054870	-940,196	9
1532020840	1220,212	9
1532474707	692,-780	9
1533801295	244,-892	9
1537170195	-972,916	9
1537712072	292,1172	9
1538575398	-1372,116	9
1539618926	-828,260	9
1541055309	-780,660	9
1541476329	-796,676	9
1541697019	-284,1300	9
1543613308	1172,180	9
1543883845	836,-396	9
1544086824	-732,772	9
1545618760	868,-444	9
1545659685	676,-396	9
1546699957	292,772	9
1547490704	628,1364	9
1547510746	772,196	9
1547785511	-1036,772	9
1548763923	-812,-1004	9
1548992382	260,804	9
1549076399	212,-1436	10
1549697329	-908,-812	9
1550075689	1220,612	9
1552257234	1284,292	9
1553066519	-1292,-220	9
1553555740	820,260	9
1554261218	1252,-348	9
1556021909	276,1204	9
1556047511	-924,-348	9
1556349936	-972,868	9
1558072157	628,756	9
1558703843	644,324	9
1558708826	1396,292	10
1559006120	-444,1268	9
1560634049	660,868	10
1563441188	84,-1292	9
1565194055	1396,-284	9
1565814873	788,212	9
1566059849	1364,-348	9
1566170861	-1420,-380	9
1566455034	-780,1284	9
1567367095	260,-1004	9
1572461774	-940,692	9
1575141150	724,-1004	9
1576143310	68,1332	9
1577423535	-364,708	9
1577568459	-1404,260	9
1579724130	772,-844	9
1581756914	-284,772	9
1581825554	820,-892	9
1581937900	-876,836	9
1582961993	-1404,132	9
1583308725	-1308,-284	9
1583526447	-780,-300	9
1584383631	-220,-940	9
1592357294	-764,1220	9
1593887999	1300,-156	9
1595700516	676,-844	9
1598507044	-1436,4	9
1598816743	1188,116	9
1599110195	900,-988	9
1603215651	36,1348	9
1604451545	708,852	9
1605245638	244,-1356	9
1606436945	196,756	9
1606657492	1380,-284	9
1608403752	-268,-876	9
1608456697	868,-396	9
1611147980	756,132	9
1611810358	692,116	9
1613567030	804,836	9
1616023475	-924,708	9
1616341884	-812,692	9
1617282996	324,1332	9
1618798050	1204,740	9
1619061394	1204,-860	9
1619547923	-428,788	9
1622920995	788,-252	9
1623767884	-908,132	9
1625186972	1204,148	9
1625842668	68,1172	9
1626693079	852,164	9
1627027379	-220,1460	9
1627267868	-796,-396	9
1627698617	-1388,244	9
1629365090	-844,-1020	9
1631275681	-332,-1388	9
1631933019	676,756	9
1632461125	-956,-892	9
1632583254	180,-1452	9
1633154281	276,1364	9
1633472893	1300,260	9
1633548634	-332,1284	9
1634682924	-1420,308	9
1635848474	-364,-1004	9
1636437797	-1404,-428	9
1636915387	644,1188	9
1638030792	-428,1236	9
1638158609	-908,196	9
1638255117	-300,1300	9
1638622224	-924,692	9
1638687667	-1388,148	9
1639062824	-460,-1436	9
1639135906	-140,1172	9
1639951274	820,276	9
1640100069	1380,-268	9
1640694283	-796,-412	9
1642583153	-268,-1404	9
1642741064	-1500,-332	9
1643346345	212,-1308	9
1643604246	1236,164	9
1643885462	676,-940	9
1644816283	-1420,180	9
1645416762	-988,-492	9
1647686229	-332,1252	9
1647998254	628,1316	9
1648048064	-844,100	9
1648830424	-1388,148	9
1649720632	-236,1412	9
1649881708	868,-412	9
1651535948	-380,-988	9
1651691188	1236,-764	9
1653761533	-396,676	9
1654036104	1364,-348	9
1655406265	-428,-908	9
1657949071	1220,-268	9
1659019536	692,276	9
1661503869	-1356,-428	9
1662085508	-924,20	9
1663263906	-1004,740	9
1664849032	628,-764	9
1665337478	-444,676	9
1665833305	-844,580	9
1666215839	-1436,-476	9
1668041474	180,724	9
1668733807	116,-892	9
1669274571	-1436,84	9
1669492075	1252,-364	9
1672366430	692,-204	9
1672837054	-332,-732	9
1673110780	-1436,228	10
1673415996	852,-956	9
1674294311	-348,-844	9
1674835972	-1356,-380	9
1675701543	-764,-236	9
1675903721	-1356,84	9
1678319641	-1004,804	9
1679658687	-780,-892	9
1680078384	740,660	9
1680440961	676,-764	9
1680489585	772,292	9
1680494541	772,740	9
1685917293	-1388,276	9
1686372995	1268,-812	10
1689778747	-380,-1020	9
1690145980	-300,-940	9
1690682824	-876,708	9
1693310332	1284,100	9
1693817359	1284,548	9
1694125811	84,1092	9
1694167383	244,-1436	9
1694375500	-972,-332	9
1696783875	-1452,-236	9
1699216265	-892,708	9
1699869401	-348,804	9
1701791428	-364,1252	9
1702038698	-156,1316	9
1702352751	-988,388	9
1702504371	-908,612	9
1702887933	-972,740	9
1703699424	228,-1292	9
1704307303	-812,324	9
1704348670	212,-1068	9
1704626590	164,1268	9
1706008265	596,692	9
1706637674	132,-1308	9
1707255571	116,-1260	9
1707316432	212,1268	9
1708163029	-844,84	10
1709191240	36,-972	9
1709233366	868,-364	9
1709556276	-972,-460	9
1710179778	-684,-940	9
1710487206	660,324	9
1712052087	660,1204	9
1714886340	-844,836	9
1716087864	-796,1220	11
1717385220	-1036,708	9
1719520467	340,-1308	9
1720665308	-252,-892	9
1723823901	-812,-236	9
1725036407	-396,1316	9
1725917987	164,-1052	9
1726157253	1332,-332	9
1729250421	756,-316	9
1730667921	-316,756	9
1730673569	180,1236	9
1731853979	804,-380	9
1732302920	-1372,-364	9
1732455702	100,-1452	9
1733878183	-1420,-284	9
1734760893	-860,676	9
1734842891	132,1412	9
1735189101	-1340,644	9
1735237104	1332,-444	9
1736283453	-364,804	9
1737987641	-284,-940	9
1738526644	68,1332	9
1739114479	1300,228	9
1739820524	1268,-492	9
1739878971	-892,788	9
1739985995	708,244	9
1741810832	1364,276	9
1742327298	-1324,-428	9
1744228262	-284,-924	9
1745005241	-1404,100	9
1745434586	-860,932	9
1745691662	84,-1004	9
1751262144	772,852	9
1752933985	-1372,276	9
1754938473	1316,644	9
1755043173	-764,-828	9
1755897672	-1452,196	9
1756442573	1236,724	9
1756770414	260,740	9
1760635019	-428,-780	9
1760805575	-972,884	9
1761658327	-956,-828	9
1762218061	1396,212	10
1762654026	1316,740	9
1765647236	-396,756	9
1767038171	-268,1124	9
1767069340	-1068,-492	9
1767390403	-332,-1020	9
1767601281	-316,-1356	9
1768705280	-1324,116	9
1769115125	596,-732	9
1770794075	-1340,276	9
1772993870	-924,788	9
1773339473	-284,-972	9
1773845621	-332,-1372	9
1774179009	772,852	9
1774287418	-300,1348	9
1774431698	-876,-812	9
1777581826	-348,-828	9
1778382432	100,-1436	9
1778477074	756,-812	9
1778653316	1316,-268	9
1779391261	836,244	9
1780623119	-1356,244	9
1780925269	692,1252	9
1780977445	708,868	9
1780980254	740,-1244	9
1783650127	-908,-796	9
1783736785	756,788	9
1784184251	-876,-924	9
1788181078	84,900	9
1788779901	212,-860	9
1789241146	52,1364	9
1789647746	-476,-956	9
1790302103	932,-268	9
1791522284	-380,-940	9
1791674132	660,260	9
1792204307	836,212	9
1792871817	-396,884	9
1793226094	1300,196	10
1793289450	724,196	9
1793623474	804,740	9
1793667770	-300,-812	10
1794223523	-1020,-924	9
1794798346	-300,1316	9
1795447302	772,-828	9
1798108664	-924,164	9
1798682295	-412,-1244	9
1799217561	1220,388	9
1802123197	884,244	9
1802315962	-940,-380	9
1802471621	-780,-876	9
1802577170	-812,548	10
1802764428	788,1092	9
1802793781	260,-892	9
1803639458	-1356,132	9
1804023851	-396,1268	9
1804214497	836,-828	9
1805613821	-876,-284	9
1805903137	-1052,-444	9
1806824484	1188,-796	9
1808190619	-348,1156	9
1810049392	116,1236	9
1811513552	-220,772	9
1813627651	-1020,180	9
1813972445	-428,644	9
1814728415	724,228	9
1815110836	-476,-956	9
1815501220	340,-892	9
1817460641	868,-892	9
1817676734	-972,-332	9
1819199843	-956,116	9
1820209415	740,148	9
1820307675	884,580	9
1821296958	-1036,740	9
1821476300	1268,340	9
1822270118	788,-1068	9
1822288041	-988,132	9
1823067823	68,-1452	9
1823274912	-860,-972	9
1823276166	1284,-412	9
1824489264	756,708	9
1824745222	-1020,-396	9
1824928724	-300,1204	9
1826183777	1268,-332	9
1830548133	644,1172	9
1831776766	228,-1404	9
1832505262	-1260,-300	9
1834039416	-316,-1436	9
1834724985	804,628	9
1835220054	-1324,708	9
1835873975	-860,-316	9
1837802079	1300,196	9
1838453141	-764,116	10
1838624100	292,1396	9
1838653775	-220,-908	9
1839912213	1428,260	9
1841125836	-252,1220	9
1841827914	-380,1300	9
1842135236	212,-892	9
1842877059	164,1428	9
1842927660	-972,-316	9
1843018063	-812,1204	9
1844039146	68,-1404	10
1846085732	772,1188	9
1846092039	-1324,-332	9
1848103527	-924,-380	9
1848475220	-380,-812	9
1848754971	-940,-428	9
1848936387	-892,100	9
1850502187	180,884	9
1850643286	-444,1124	9
1852636665	212,788	10
1855647270	-412,-1372	9
1857557674	1252,-284	9
1858095335	-1020,-908	9
1860255531	100,-764	9
1861644347	1268,772	9
1862073904	-1436,276	9
1863700278	-284,-860	9
1864356842	-316,-1404	9
1864733907	1252,244	9
1865132755	1284,-300	9
1866484017	100,-1404	9
1868200124	884,-444	9
1872070283	-700,-1004	9
1872228764	276,1172	9
1872353592	-956,-844	9
1872411863	-860,-444	9
1872719810	1220,-380	9
1873053953	-828,244	9
1873548328	804,740	9
1873559173	868,1220	9
1874679912	644,708	9
1875241135	820,-316	9
1877001366	-1052,-332	9
1878663175	-876,-860	9
1878927329	164,-972	9
1879046354	-828,388	9
1880328868	580,804	9
1883943035	-492,-1276	9
1884473839	-252,1348	9
1885307896	1268,-412	9
1885819818	-924,628	9
1887813787	-844,-924	9
1888245309	260,1396	9
1890319250	-892,-460	9
1891275279	900,-412	9
1891394396	-908,-252	9
1892107248	660,100	9
1893646417	-956,1204	9
1896746643	1300,-316	9
1899925554	676,-876	9
1900139619	-268,788	9
1900567101	756,-1004	9
1904826121	-780,180	9
1905466181	756,-796	9
1906108428	292,1220	9
1906430404	-844,-348	9
1906449245	-860,-924	9
1907915110	1412,388	9
1907984267	692,1268	9
1908060210	-348,740	9
1908079634	36,-1036	9
1908411227	1204,-396	9
1908445301	180,-812	9
1908657398	-812,660	9
1908818515	724,692	9
1910664751	228,-796	9
1911095197	804,1252	9
1911554088	-284,-1420	9
1911854236	-172,836	9
1913572810	868,196	9
1913846248	-908,-956	9
1914145397	628,-1244	9
1914690611	1140,740	9
1915097244	-1372,100	9
1915415533	-812,260	10
1915957490	788,-348	9
1919908986	-892,308	9
1920591133	1284,-316	9
1921052844	-844,36	9
1921440484	68,1460	9
1921711689	1204,132	9
1921930480	-908,-908	9
1922377757	-908,916	9
1922783074	660,852	9
1923153317	-1452,-364	9
1923784866	740,-780	9
1924694380	-412,724	9
1924737262	-908,-268	9
1925144235	68,-1420	9
1925660042	724,-492	9
1927891040	196,-860	9
1928030854	-476,-780	9
1929493174	660,644	9
1933277848	-860,180	10
1933896677	772,-796	9
1933992721	788,628	9
1934186463	260,-972	9
1935087163	356,1316	9
1937744094	836,804	9
1937887563	-796,-988	9
1938436599	-476,-892	9
1938805832	-812,708	9
1938875484	-844,148	9
1939177304	628,740	9
1941339418	-924,196	9
1942355097	308,1284	9
1944395633	-1436,-396	9
1945256810	-492,788	9
1946196454	-1052,-204	9
1946503175	-1516,148	9
1947763332	1220,-348	9
1951481153	-300,-1404	9
1951756943	-300,-924	9
1952045028	660,1236	9
1952173110	-908,-892	9
1952291910	772,-284	9
1952728193	788,724	9
1953196219	-380,1300	9
1956411123	756,228	9
1957329709	804,-300	9
1957773350	-956,-268	9
1957995940	644,-908	9
1958135029	596,148	9
1959152341	820,-284	9
1959890294	740,772	9
1960141032	-1020,-908	9
1960683243	-332,-972	9
1960784359	-892,180	9
1962039914	676,916	9
1962310453	148,1444	9
1962610700	-268,852	9
1963186094	-908,324	9
1965818434	1172,660	9
1972741316	-364,1172	9
1973269428	260,-1356	9
1973349584	-940,804	9
1974173267	-1356,-396	9
1974458439	-252,-1404	9
1974459478	276,-1324	9
1974857009	116,884	9
1975006536	612,1188	9
1976285854	-348,884	9
1976638229	692,628	9
1977016105	-316,1236	9
1977333075	1124,84	9
1979888198	340,692	9
1981779556	292,1188	9
1981910598	-844,132	9
1982114854	-380,-1372	9
1982773182	-332,1348	9
1983888696	-412,-796	9
1984561113	148,-972	9
1984645619	-348,-1372	9
1985022770	1412,308	9
1985130106	1188,196	9
1986091985	-972,84	9
1986276333	852,-892	9
1990282385	-300,-908	9
1990376037	-876,-1004	9
1990669489	-780,-348	9
1991622148	-844,852	9
1994631397	1124,-412	9
1996564355	1124,228	9
1997788855	1156,84	9
1998108738	1108,132	9
1998308214	-924,-220	9
1998824448	1220,100	9
1999361554	916,-492	9
2000019466	1348,-316	9
2000599337	596,1252	9
2001722903	228,1252	9
2003566941	884,-220	9
2004995937	772,-348	9
2005926806	740,-860	9
2006307893	-1324,292	9
2006337617	820,788	9
2006647826	228,-1388	9
2007152688	1300,-508	9
2009128223	-892,-364	9
2009477146	-1340,212	9
2009641285	-428,-972	9
2010663628	724,-364	9
2011528040	1300,292	9
2011616885	-268,1332	9
2012925545	164,1316	9
2014895427	868,740	9
2015360192	260,804	9
2015365031	-316,-860	9
2016710653	692,852	9
2016914742	196,-956	9
2017339585	-396,804	9
2019446274	-956,-332	9
2019495176	-1036,196	9
2022093460	-892,164	9
2022128751	-924,324	9
2022321466	836,820	9
2022464681	148,1284	9
2022559523	-892,708	9
2023211753	724,-924	9
2023263389	-908,-444	9
2023445867	1188,116	9
2023549306	-796,756	9
2025112538	708,1252	9
2026195090	-924,868	9
2026745362	356,-1436	9
2029049139	1236,148	9
2029703841	1380,-380	9
2029710989	644,-748	9
2030829755	-780,628	9
2031818309	1284,-220	9
2033157281	260,836	9
2034920528	116,-1484	9
2035718217	260,-796	9
2036860322	884,-476	9
2037615682	116,1268	9
2037623630	196,-988	9
2038587424	724,836	9
2040689768	-940,-764	9
2042174146	212,-860	9
2042690439	820,-348	9
2043179949	-732,740	9
2043302499	180,740	9
2044253859	-892,-268	9
2044668999	900,260	9
2045058327	-876,1204	9
2045305452	1268,180	9
2046980173	180,-844	9
2047966271	164,820	9
2048446456	-748,-876	9
2048470825	-732,564	9
2048595882	772,1316	10
2049269850	84,820	9
2049432293	-972,-428	9
2049750582	-1340,-444	9
2051846381	740,1300	9
2051890366	212,1156	9
2052122278	1220,-268	9
2053452399	-860,580	9
2054564810	-860,-300	9
2056374926	852,68	9
2057293899	-1036,-444	9
2057612265	148,-892	9
2057830043	84,-828	9
2057969679	132,-924	9
2058016616	-732,1284	9
2058552102	1188,260	9
2060473152	548,1220	9
2061803270	-1340,-252	9
2062063216	580,-956	9
2063628240	-156,884	9
2064490457	1268,212	9
2064752114	-508,756	9
2064827477	-1372,212	9
2065233016	836,276	9
2068245116	1204,-220	9
2068705168	-1308,180	9
2068861254	-1436,36	9
2069105781	-284,-844	9
2071733698	804,260	9
2072214400	-940,-396	9
2074137811	-908,836	10
2074436697	916,164	9
2076868687	644,-908	9
2076925118	1204,164	9
2077531951	-764,-860	9
2078557690	788,-924	9
2079112954	-940,-780	9
2079615959	244,-1356	9
2079802245	-860,1220	10
2081145545	-252,-1340	9
2081283921	196,-940	9
2081930871	1236,68	9
2082593312	724,164	9
2082679624	1300,356	9
2084905913	84,-844	10
2085735526	-1308,-348	9
2085772782	-1404,-460	9
2087233871	660,-1020	9
2088257625	820,708	9
2089655111	820,100	9
2092718274	-812,740	9
2093966788	-1276,-716	9
2094700565	-444,1300	9
2094843255	-1052,804	9
2097468458	692,-764	10
2097861943	196,-796	9
2100129826	84,1156	9
2102407951	1300,148	9
2102524202	740,-956	9
2103510210	692,820	9
2103967820	-364,-1308	9
2104238945	-876,-316	9
2104960219	212,1396	9
2106484386	-908,-1036	9
2106990829	212,-940	9
2107516385	612,212	9
2109642146	756,-380	9
2110547069	372,-908	9
2112393856	-764,-364	9
2112421181	-860,644	9
2113889379	1108,564	9
2115071695	644,-876	9
2116389616	-1260,148	9
2117037181	-1020,164	9
2117130987	852,180	9
2117259314	68,-1388	9
2117601945	-844,-444	9
2117916152	1348,-428	9
2118378965	596,1220	9
2118841951	-1020,-220	9
2120846323	-428,820	9
2120930442	916,-396	9
2121813132	1204,-364	9
2122225357	-1356,-540	9
2123332922	-860,708	10
2124305713	292,884	9
2124565177	-380,-1324	9
2126692631	-396,-812	9
2127556123	180,1348	9
2129277331	-1084,660	9
2129816194	-1388,-252	9
2130441128	-348,1364	9
2132482925	580,1236	9
2132640219	-844,-348	9
2133776809	-1276,-508	9
2135740862	-940,276	9
2136369337	292,-1436	9
2137404617	-460,852	9
2137443205	-972,644	9
2138351765	132,-1516	9
2138839011	-860,1220	9
2139176829	788,1220	9
2139229155	1428,-444	9
2140431131	-924,-828	9
2140894258	52,-1068	9
2143518515	-284,-972	9
2144238940	692,612	9
2146250207	-492,1316	9
2146514248	-460,1172	9
2148183670	-972,-380	9
2151327741	628,-1340	9
2151585767	-988,180	9
2151887076	756,1300	9
2152166203	1316,-316	9
2152952172	-1500,292	9
2153431003	-892,-828	9
2154142949	-1324,-780	9
2154219661	148,836	10
2154485428	-1340,-380	9
2157237442	-1404,52	9
2158064578	-892,244	10
2159240126	-444,1188	9
2159302180	-956,-380	9
2161132732	-380,1348	9
2162140611	676,-988	9
2162374428	1140,-300	9
2163256983	260,1444	9
2165763790	708,708	9
2165979624	-956,-1020	9
2166229553	-476,1140	11
2166637733	-476,628	9
2167038451	-892,228	9
2167210600	1348,292	9
2167289265	-236,-1324	9
2171373886	-892,-716	9
2172255942	1140,276	9
2172786901	-732,1220	9
2173467213	308,-1324	9
2174958224	84,1156	9
2176085745	-428,-1468	9
2176098660	-364,-828	9
2179137088	148,-1340	9
2181072117	1204,-316	9
2184069831	356,-1308	9
2185420711	196,-1420	9
2185632579	708,260	9
2186676422	-860,-316	10
2187450221	-220,-1356	10
2187797259	-1004,308	9
2190464413	1348,196	9
2191438639	100,788	9
2191865184	84,660	9
2192851453	804,228	9
2193331583	-1388,-332	9
2193417997	-828,-220	9
2193759419	-268,1236	9
2193802915	1300,68	9
2193954954	772,-1292	9
2194586844	-876,-940	9
2195523605	116,-1420	9
2195576726	180,-1004	9
2196901475	820,804	9
2198038565	612,-828	9
2202914789	708,1220	9
2203874965	324,1268	9
2204866492	740,244	9
2205415083	1364,212	9
2205584753	-1436,-348	9
2208553493	-204,-1452	9
2209375529	-764,-892	9
2210271270	52,-1388	9
2211267706	1300,-396	9
2212737614	-924,-860	9
2213039608	-828,-332	9
2213849347	340,756	9
2214960949	1428,68	9
2217455410	308,-796	9
2217651593	228,1284	9
2218073460	-908,20	9
2218515890	84,724	9
2219631732	708,788	9
2221997201	868,1172	9
2222247293	84,804	9
2222653181	100,1252	9
2223280158	1236,-284	9
2223450466	884,-364	9
2223510232	660,1188	9
2223859099	1348,36	9
2224814167	-956,196	9
2224886397	772,-364	9
2226430068	20,804	9
2226751642	-748,-892	9
2227034940	-988,-780	9
2227502722	756,596	9
2227896290	-844,788	9
2228925372	244,-924	9
2230195496	724,692	9
2230230981	772,612	9
2230268470	804,356	9
2231409289	-268,-1292	9
2232141507	196,-924	9
2233222418	884,244	9
2234786481	-428,772	9
2235157692	-1452,244	10
2235514071	276,-1404	9
2236679575	-988,-316	9
2237800463	1172,-844	9
2237935066	-732,-236	9
2237946025	740,804	9
2238937959	-940,-396	9
2241472391	-908,724	9
2242108847	1380,116	9
2243894841	820,-860	9
2244395419	740,740	9
2244506378	-908,-956	9
2245657319	356,1364	9
2247478061	884,724	9
2247914719	1364,-172	9
2249563769	1172,740	9
2250882258	-892,884	9
2251125715	1284,196	9
2251583131	-956,-332	9
2255690803	660,1204	9
2255846783	4,-1452	9
2257260261	-828,-236	9
2257494316	196,-940	9
2257951740	212,1188	9
2258135788	1300,52	9
2258350106	868,-492	9
2258703834	-380,-732	9
2259254573	884,-1036	9
2259422944	276,-828	9
2260600603	-796,772	9
2260761026	84,-1292	9
2261269593	-828,804	9
2262668649	804,740	9
2264277081	-1404,324	9
2264284361	-252,1220	9
2266469922	756,-876	9
2269577253	-716,-924	9
2270385093	724,1284	9
2270465883	196,1300	9
2270537357	-380,-940	9
2273151865	756,-316	9
2273870209	-748,644	9
2273873465	-796,292	9
2274182662	324,836	9
2274801664	244,1300	9
2276346018	1252,-444	9
2277939372	1172,228	9
2278037288	276,-1276	9
2279095377	1284,708	9
2281636319	196,-860	9
2282276567	244,-1052	9
2283849097	596,292	9
2287444438	788,196	9
2289076733	-1020,-972	9
2289372978	-956,804	9
2290722295	-172,692	9
2291941910	-1020,148	9
2292673908	-972,-780	9
2292903371	612,868	9
2293792064	-908,-332	9
2294029729	884,-924	9
2296657744	-1340,-412	9
2297031187	-1004,-188	9
2297636648	884,196	9
2297875268	820,-860	9
2299786773	756,-844	9
2300217736	-1020,-284	9
2303521284	-812,148	9
2303871802	900,-844	10
2304149417	-972,132	9
2305400765	-796,708	9
2307340232	-316,-1084	9
2307638894	-1004,724	9
2308582544	1252,180	9
2308699905	-844,-812	9
2308906549	-908,324	9
2309265713	-1004,692	9
2309589229	-828,-508	9
2310583430	-956,-1020	9
2314123262	-972,212	9
2314156437	-444,-732	9
2314318240	-1020,-300	9
2314933161	660,1188	9
2315594375	612,-876	9
2316233159	612,1124	9
2317269283	180,884	9
2317671896	244,1348	9
2317851692	-252,1364	9
2318030912	-380,1300	9
2319902253	196,836	9
2321740283	-812,836	9
2325029928	-844,-748	9
2325447362	84,1284	9
2326418061	-1436,-476	9
2327573514	164,-1020	9
2328059779	-940,-892	9
2328637569	788,1220	9
2329148994	692,1252	9
2331534780	-812,1204	9
2334726788	612,-1260	9
2335823441	-908,132	9
2336939018	-860,-764	9
2338363129	804,596	9
2338622556	692,756	9
2339487091	1188,-892	9
2340117639	740,-828	9
2341593891	-252,1332	9
2342225287	692,884	9
2344893176	-876,68	9
2344987804	-1404,-348	9
2345528935	724,-364	9
2346914144	116,1220	9
2347752948	852,-428	9
2348860580	-284,1412	9
2349601951	1204,-348	9
2351591160	-860,-156	9
2354714677	-972,852	9
2354799892	1252,196	9
2355623884	-940,-844	9
2356379018	836,-764	9
2356598139	-876,756	9
2357074749	-444,1220	9
2357433728	708,1172	9
2359758028	-316,1332	9
2360350879	-236,-940	9
2360374340	724,740	9
2361677603	804,548	9
2362042419	1284,340	9
2362113067	-924,52	9
2362281370	-956,-220	9
2363708799	244,-1292	9
2363887009	308,1380	9
2364784075	228,900	9
2365381130	148,-1340	9
2367516821	-1036,388	9
2367953574	-1308,228	9
2368514233	788,1124	9
2369060255	884,-380	9
2369191975	1252,244	9
2370052968	676,628	9
2370059842	-908,900	9
2370382627	-412,772	9
2373183294	676,1284	9
2373900115	-828,-764	9
2374431879	-476,1188	9
2374781511	228,-860	9
2375728537	-844,-780	9
2377670845	1156,-748	9
2378650777	756,-396	9
2380986576	-956,-252	9
2381011348	292,1252	9
2383435463	-924,-380	9
2385059960	-348,-972	9
2385603272	68,-940	9
2386311826	676,-892	9
2386657963	-908,196	9
2387348655	-364,932	9
2389830453	852,244	9
2392460185	1188,644	9
2392853041	244,-1372	9
2392891080	628,-524	9
2393686252	-220,1348	9
2394114579	1172,148	9
2394866386	-956,-300	9
2395215344	1236,-364	9
2396407229	884,228	9
2396459636	-236,-748	9
2398571903	52,-1404	9
2400994901	756,804	9
2401051328	804,724	9
2401097624	1460,-348	9
2403305698	324,-844	9
2404046515	676,756	9
2404898970	-1340,-252	9
2405928002	724,628	9
2407143947	1220,132	9
2407412600	788,292	9
2407782177	676,-940	9
2407893965	-284,-1340	10
2409385342	-460,-956	9
2411109410	-300,1284	9
2411143224	660,-396	9
2411461558	-796,-924	9
2411598677	1188,212	9
2411995924	-1436,36	9
2412775876	196,1332	9
2414685236	836,-476	9
2415245361	-940,-476	9
2416410372	772,868	9
2417121838	-828,-364	9
2422323405	660,-988	9
2423097747	164,772	9
2423873489	-508,-860	9
2425729277	-892,36	9
2425857894	-908,-348	9
2426634513	-1484,-252	9
2426647231	756,-956	9
2426899085	-924,1268	9
2427121108	324,-1468	9
2428892206	-492,-892	9
2429768129	-780,1284	10
2429928389	-252,-1356	9
2430262855	-1420,196	9
2430829602	-1404,-220	9
2432513553	1284,660	9
2433547817	-1004,212	9
2435452344	-876,180	9
2435667458	-796,564	9
2436264003	708,868	9
2436280374	196,1236	9
2436521921	-940,-428	9
2436552980	1332,196	9
2436963572	-892,-268	9
2437026893	-924,164	9
2437611846	-1004,212	9
2437977557	-892,772	9
2438576018	68,-1228	9
2438745465	116,-732	9
2439042611	788,596	9
2440084770	1092,-956	9
2440245000	340,-1020	9
2442482813	836,100	9
2443023108	228,772	9
2443039391	-972,-1052	9
2443059539	772,-780	9
2446247656	180,1220	9
2446344672	-428,740	9
2446359470	324,1316	9
2447116363	836,116	9
2447137007	-348,660	9
2447999494	244,-1004	9
2448486157	1316,628	9
2451656458	340,-972	9
2451971218	-956,-412	9
2452123452	-284,1140	9
2456091138	212,1380	9
2456476167	1364,212	9
2456834831	-396,1156	9
2457249061	1220,-188	9
2458089577	228,-876	9
2460400997	308,-796	9
2464829880	644,692	9
2465086604	-796,244	9
2465783588	-1420,164	9
2467157725	756,212	9
2468518747	1204,-348	9
2471040828	-460,1316	9
2471652723	-1404,-460	9
2471884922	-812,-844	9
2473187070	676,-396	9
2473345248	-268,788	9
2473876535	164,-1292	9
2474408970	1204,212	9
2474685675	388,-1388	9
2474755719	1268,196	9
2474827337	116,-1372	9
2476235065	-1052,228	9
2476778464	740,1220	9
2477941607	1284,-396	9
2479192964	-300,1220	9
2480219125	-844,-924	9
2480351240	-316,1156	9
2481176702	1156,196	9
2481738069	-956,-396	9
2482257429	276,-1420	9
2482433912	660,324	9
2482729616	852,132	9
2483815144	-428,-1404	9
2483965509	-284,1204	9
2485347916	1236,4	9
2485903895	196,1284	9
2486106421	-1276,116	9
2486147638	1140,756	9
2487592078	1140,180	9
2490345557	-1244,-188	9
2491144872	180,-876	9
2491210055	-348,-924	9
2493630994	-332,564	9
2494492700	1284,-156	9
2494521799	-412,1124	9
2494528175	1364,84	9
2496628911	644,852	9
2496721249	804,292	9
2497518240	756,-332	9
2497684647	84,692	9
2499915070	-956,-380	9
2500362567	724,244	9
2500607221	-924,-828	9
2504382940	-1068,-204	9
2504488226	-892,772	9
2504757127	356,804	9
2504810420	372,-1356	9
2504824301	388,836	9
2505056265	-796,212	9
2506096522	-892,-748	9
2506861785	164,-1388	9
2507711895	1124,-860	9
2509610610	772,260	9
2510971003	260,676	9
2511435047	-1324,228	9
2513020508	-908,-428	9
2515875260	-1468,212	9
2517006956	-300,1364	9
2517597755	916,-396	9
2519246586	852,196	9
2519639629	676,660	9
2522304484	1284,580	9
2523720338	-876,-796	9
2525016369	1204,212	9
2525226186	644,-892	9
2525226521	196,1172	9
2526702306	-1004,-396	9
2528008148	-940,660	9
2528191600	-1036,148	9
2529188645	-1260,-316	9
2530506401	-780,612	9
2530745560	-460,612	9
2532096266	772,-924	9
2532930676	-844,-940	9
2533196727	820,84	9
2533388785	820,804	9
2533574599	-1532,148	9
2533839570	-924,356	9
2537732939	-1036,-1068	9
2541190424	-940,-876	9
2541409646	196,-956	9
2542622967	-1036,-844	9
2542672153	-988,852	9
2544333664	-348,852	9
2545440807	-348,-1308	9
2546029290	788,740	9
2546671446	-460,852	9
2547000168	884,-364	9
2547675022	116,-1324	9
2548648891	-860,-860	9
2550513754	196,-876	9
2551266993	-1420,148	9
2553505237	708,836	9
2553574193	-972,-908	9
2553984128	884,148	9
2554533824	868,-1004	9
2555344327	-844,-908	9
2557016191	1188,-316	9
2557621783	-1068,772	9
2557994579	-908,-1020	9
2559288114	-940,180	9
2559977073	1188,372	9
2560782779	-1404,116	10
2561298241	660,820	9
2561664524	-348,1412	9
2562570502	900,836	9
2563276801	196,-1388	9
2564888870	708,-924	9
2566263856	-860,-460	9
2566679118	356,852	9
2566788629	196,1236	9
2571163662	-380,820	9
2571216928	-748,-908	9
2572068557	-956,788	9
2573083666	724,-508	9
2573409902	1252,308	9
2573790684	596,724	9
2575207628	228,-1420	9
2576022002	-316,-892	9
2576231430	1348,100	9
2576613059	-780,-780	9
2576768719	676,-380	9
2577679158	-860,804	9
2581297562	-444,1332	9
2583629020	-1356,-268	9
2584069223	1252,-716	9
2585068484	900,804	9
2586161525	-1004,692	9
2587243524	-412,708	9
2588199178	276,708	9
2589185306	1252,196	9
2589276929	-492,-972	9
2589992762	-252,-1452	9
2590533152	900,356	9
2591356303	-860,644	9
2592355331	756,-284	9
2592589032	-892,-236	9
2592738813	356,804	9
2593933353	196,724	9
2594275832	180,660	9
2595747328	788,-412	9
2595811661	-844,660	9
2597473136	-444,1300	9
2597946724	1252,100	9
2597946926	-844,-892	9
2599550671	788,260	9
2599564402	-860,644	9
2601374729	1156,-924	9
2602204805	-796,708	9
2605113453	-316,-764	9
2606029484	-268,1316	9
2607027962	-748,-732	10
2608203806	-988,-764	9
2608917151	692,-428	9
2612210017	-316,1284	9
2612883801	-764,-1276	9
2612950801	-844,-412	9
2613502855	724,628	9
2614257389	1332,596	9
2614734541	1316,-380	9
2615507720	372,-972	9
2616504787	1332,676	9
2617825286	-412,-924	9
2618290402	260,-1260	9
2618503464	260,-1404	9
2619829209	-300,772	9
2620867758	-444,-764	9
2621925602	228,1284	9
2622401431	-1068,740	9
2623949600	308,884	9
2624162713	-908,804	9
2624911527	1364,708	9
2625652053	692,340	9
2627000001	724,-892	9
2629022107	676,804	9
2629438017	308,1204	9
2630428871	308,-972	9
2630529180	1364,52	10
2630983988	-940,772	9
2632611819	-876,708	10
2633764755	292,-1404	9
2634786131	308,-1500	9
2635926041	1316,228	9
2636053738	724,-844	9
2636266607	-492,-1340	9
2636487015	-908,116	9
2636748474	-1308,-780	9
2638182618	-444,-972	9
2638843390	-1452,196	9
2639342647	660,756	9
2640162757	-972,-1068	9
2641706520	196,-1356	9
2643348144	-1340,-252	9
2644788086	-1052,372	9
2646799885	692,116	9
2647339450	-1356,-332	9
2647792764	-1452,-380	10
2649332961	-908,-892	9
2651972225	-1372,-300	9
2652021618	-908,-380	9
2652429107	-940,-236	9
2653455928	260,868	9
2655441216	116,1396	9
2655584813	-1468,116	9
2655753250	-1020,-1052	9
2655806822	180,-1068	9
2657576741	628,660	9
2658730581	-924,-236	9
2659596398	884,196	9
2660088120	-428,-1340	9
2660596750	-300,-908	10
2661721343	-1436,68	9
2661746043	36,-1500	9
2661908048	1092,740	9
2661961196	292,-1468	9
2663222151	-812,-412	9
2663730976	-972,804	9
2663783603	-316,-892	9
2664644977	-332,-1436	9
2665752137	244,804	9
2666312511	228,1252	9
2666331260	900,260	9
2667807994	1236,-364	9
2669573211	612,132	9
2670008547	804,-956	9
2670076552	-396,-716	9
2672854172	580,-860	9
2673304975	-1004,-860	9
2673772859	756,708	9
2673799785	-860,740	9
2674825852	-844,-1036	9
2678403265	324,-748	9
2680111039	148,-1276	9
2681024467	-188,692	9
2682311174	132,724	9
2682353090	-444,-796	9
2682775094	-828,724	9
2683191934	-812,820	9
2683346546	692,340	9
2685500899	196,1316	9
2687092837	244,788	9
2687132714	1380,564	9
2688271153	-956,548	9
2688303992	1236,-284	9
2688858379	-476,1332	9
2689998522	804,820	9
2691373227	-956,244	9
2692098256	-956,-876	9
2692189495	-892,308	9
2692247554	724,-300	9
2692449542	-876,132	9
2693665380	-844,740	9
2696296111	692,-444	9
2699126711	-332,1412	9
2700249922	-956,-364	9
2700303200	804,-428	9
2700716445	52,-1436	9
2701169124	148,788	9
2701501974	-764,-716	9
2701798486	-796,-940	9
2702471403	180,-924	9
2706331875	228,-1292	9
2706513007	1236,-236	9
2707836456	-1004,-956	9
2709860225	1412,-284	9
2710517876	212,1284	9
2710950902	-364,852	9
2712057848	-204,1348	9
2712574777	-956,-508	10
2712953860	36,-1308	9
2714276025	244,1300	9
2714482843	-924,-268	9
2714906137	-892,884	9
2715932288	52,-940	9
2716439251	1188,756	9
2717228823	1236,660	9
2722731725	852,-268	9
2724449674	-972,-892	9
2728625110	-828,-876	9
2728822556	-876,708	9
2733151333	-844,52	9
2734963535	-1004,-476	9
2737920410	-364,-1356	9
2741983677	-1468,116	9
2743660776	-732,660	9
2744310512	-364,948	9
2745289191	-828,212	9
2745570797	1188,708	9
2745853039	-780,-956	9
2747050261	-908,-908	9
2747416498	-316,1268	9
2748307295	1284,-316	9
2748509393	-876,-1036	9
2749596568	-204,-1020	9
2750715859	-268,772	9
2752384688	788,-236	9
2752537627	-1308,-284	9
2753588458	756,708	9
2756767727	1124,-332	9
2757592388	-156,-1260	9
2759789675	-300,-956	9
2760229907	804,228	9
2760496921	-732,-860	9
2762116336	-380,1220	9
2762503793	-828,-332	9
2762535038	-1372,228	9
2762812355	-828,-348	9
2764930608	-972,-892	9
2767100124	1204,692	9
2768092097	-844,644	9
2768682146	852,-460	9
2769033443	-924,692	9
2769895990	660,676	9
2770689915	-844,756	9
2771372613	-316,1300	9
2772490722	-1404,-348	9
2773282397	916,756	9
2774729338	1316,100	9
2775714005	820,-380	9
2776610936	212,-1356	9
2777086688	-844,708	9
2777655722	708,212	9
2777924939	612,1220	9
2778380417	-204,1332	9
2778407133	-924,-172	9
2778469476	740,772	9
2778475059	116,1188	9
2778770309	-812,132	9
2778818153	-876,-204	9
2779561774	-764,-284	9
2779789507	244,1268	9
2780146442	804,772	9
2781532757	-908,580	9
2782317215	-1292,148	9
2782978520	724,148	9
2784754650	68,1316	9
2785203499	-908,-908	9
2785414562	372,-876	9
2786311712	324,724	9
2787542219	-1020,-956	9
2788105195	-1020,-364	9
2788738642	-300,1284	9
2790701800	164,1300	9
2790854369	1252,836	9
2791884096	1380,-268	11
2792274288	148,-764	9
2792498597	-1036,708	9
2792827180	196,1172	9
2792934004	356,-1484	9
2795731803	-1404,148	9
2796421942	-332,-732	9
2798156817	1156,-252	9
2799903213	692,1236	9
2803085261	1252,-444	9
2804505619	708,1220	9
2806508464	-956,68	9
2806736769	1252,-236	9
2806988565	-780,-428	9
2810038118	-812,804	9
2811205955	260,1428	9
2812303774	612,-892	9
2812316629	212,1252	9
2812981910	708,-1004	9
2813576948	-412,-956	9
2815498560	1380,-300	9
2816566691	-924,-444	9
2817248544	692,756	9
2818816783	-428,1284	9
2819636931	1204,692	9
2820095587	740,-764	9
2820465577	-1052,-348	9
2820633974	-332,1156	9
2821992130	-1004,180	9
2822037053	-348,1156	9
2825138345	84,-972	9
2826192561	1284,148	9
2827223141	-780,-844	9
2828149410	-716,724	9
2829977655	772,212	9
2830460179	196,1188	9
2832018586	-1420,-252	9
2833082826	-348,836	9
2833124696	276,820	9
2833621227	196,1236	10
2833935588	1236,-796	9
2834553878	-380,1348	9
2834947027	-1324,52	9
2835103819	-1436,356	9
2835373108	-1324,-300	9
2835540873	-380,-860	9
2835769430	-1292,68	9
2836028493	-1420,84	9
2836463398	260,1236	9
2838349877	-428,-860	9
2841003974	-716,756	9
2842481718	1332,132	9
2843428701	660,676	9
2844681352	1220,356	9
2844744969	708,-1324	9
2845711221	692,-908	9
2846589204	-236,-1452	9
2847125199	676,-300	9
2847164207	-204,-908	9
2847872574	788,340	9
2848103641	1252,-284	9
2848733472	-956,-1052	9
2854375830	-828,756	9
2856824935	84,820	9
2856885563	612,852	9
2857490992	724,852	9
2859292398	-892,228	9
2861145448	1220,132	9
2862763692	-396,-956	9
2863460384	-812,-892	9
2867628788	-876,-316	9
2868561500	-460,1380	9
2871202811	196,1268	9
2871483442	228,-1484	9
2872543038	596,1268	9
2874517520	1204,-812	9
2874597467	1300,244	9
2875060140	180,1268	10
2875884514	1284,820	9
2876546351	692,852	9
2878571529	276,-972	9
2878981322	228,-1004	9
2879048461	260,-860	9
2879206739	1220,212	9
2879730280	-924,724	9
2881440606	676,-876	9
2882038820	-716,756	9
2882934587	756,740	9
2883613728	-1020,836	9
2884402970	-1484,180	9
2884556003	148,-1388	9
2885282780	-1356,-236	9
2885288727	-972,612	9
2887339617	1236,164	9
2887854679	-204,-1388	9
2888301547	1236,-220	9
2888342868	-908,772	9
2888698254	-956,228	9
2888891119	1316,356	9
2889250208	-1020,276	9
2891109387	-860,628	9
2893364880	708,1316	9
2894727399	-828,-412	9
2896075060	612,1124	9
2896247888	340,756	9
2896332132	-300,1204	9
2897268014	692,324	9
2897722821	-188,-1420	9
2898661307	-764,692	9
2900105424	-892,-876	9
2900219273	708,-844	9
2901360168	1412,244	10
2902085834	-1436,-268	9
2903130659	-268,-1436	9
2905133309	836,820	9
2907135770	-812,724	9
2907851373	-284,-1004	9
2908790540	-796,1108	9
2909926199	708,-940	9
2910774939	1188,196	9
2912382973	-1452,-204	9
2912438705	852,852	9
2913768896	-476,1188	9
2914520379	-812,884	9
2915973354	772,1188	9
2916088553	-460,820	9
2916249615	1332,-444	9
2917144280	-876,1204	9
2917237221	644,1364	9
2918554046	1268,308	9
2919273396	244,-1436	9
2919371917	1268,804	9
2920796887	-956,-236	9
2921528909	-956,196	9
2923534201	692,884	9
2923651438	740,708	9
2923804372	228,1284	9
2924704784	756,-1324	9
2924944334	-988,-796	9
2925541972	228,-956	9
2925686937	756,-812	9
2926743651	148,-780	9
2927581282	-316,-924	9
2927909027	1348,132	10
2928296869	596,-1308	9
2928435400	1348,-524	9
2930927350	-1228,164	9
2930999590	164,1156	9
2931388392	-364,1316	9
2933185124	1236,-396	9
2933190174	-1068,196	9
2933343315	772,244	9
2933813184	-492,804	9
2934133852	660,804	9
2934880357	740,-188	9
2935296332	820,1268	9
2936018867	692,-716	9
2936183901	-828,-796	9
2936583433	-220,1204	9
2937018537	-204,-780	9
2937458984	244,1236	9
2939202127	-924,244	9
2939795812	804,-908	9
2941485336	1316,-332	9
2943707662	-988,68	9
2943850499	-828,196	9
2946892066	1284,-220	9
2947507432	-428,-1436	9
2950242545	276,916	9
2950840750	884,340	9
2950966298	820,-892	9
2951509004	-300,1220	9
2951812798	148,772	9
2951813168	-348,-1340	9
2953511119	-316,692	9
2953622626	-332,-972	9
2954496100	1108,660	9
2954656428	-1324,244	9
2954815889	-300,1188	9
2957313660	-460,1364	9
2957511551	-188,1396	9
2958603550	852,-796	9
2958950618	1220,356	9
2960298324	724,772	9
2962670809	-332,1428	9
2964702119	-364,1204	9
2964894575	820,580	9
2966180591	836,724	9
2967393890	-876,-908	9
2968479909	-860,1268	9
2968614480	-1340,-188	9
2970194858	1236,-236	9
2974693367	1300,-764	9
2975128134	-204,-1356	9
2975943818	-1356,148	9
2976021473	-940,740	9
2976452715	-860,-780	9
2977915007	-492,-876	9
2978131414	-332,868	9
2978250444	180,-1052	9
2978449303	-908,-684	9
2985819128	-844,-348	9
2987985923	356,772	9
2988542197	-364,1236	9
2988837287	1348,-316	9
2989573294	-1548,52	9
2992171689	-1004,-412	9
2992251861	212,-1068	9
2993235573	1300,644	9
2993516669	-380,740	9
2993679876	100,-1292	9
2994288792	1220,-492	9
2994757661	1140,260	9
2995508332	-956,-364	9
2995519242	-988,-300	9
2997251195	836,628	9
2998855213	-364,740	9
3001245058	-876,916	9
3002281586	772,820	9
3002331659	-860,68	9
3003275968	612,788	9
3004121779	868,-460	9
3005903096	-268,-1308	9
3006290029	-300,-1324	9
3006513316	-892,-700	9
3006623148	1284,852	9
3007931925	-236,612	9
3008561251	-812,-268	9
3008773551	132,1236	9
3010095832	788,-796	9
3010994901	772,692	9
3011468914	1220,164	9
3011498031	-380,580	10
3011632754	-956,148	9
3013239629	1396,-268	9
3013845975	-284,-1052	9
3015613510	660,756	9
3016268062	1172,148	9
3016459268	164,1380	9
3016909595	-1452,-348	9
3017227322	-380,820	9
3017305072	868,-780	9
3017335585	852,-908	9
3023458417	1396,-204	9
3025509985	-940,-908	9
3025835217	-828,1204	9
3026099343	-316,1284	9
3026257326	-940,676	9
3026955348	836,-1052	9
3027206525	628,-844	9
3027598960	-1372,-332	9
3028064622	-364,-828	9
3028105210	228,-956	9
3029835327	-1004,836	9
3029845563	612,-764	10
3031677461	548,1268	9
3032773379	-1052,772	9
3033807846	-892,-1020	9
3033952658	1412,-316	9
3034446962	692,-332	9
3035064959	-844,1156	10
3035652753	-876,692	9
3037749643	-156,1268	9
3040516015	-700,-444	9
3041700067	612,-892	9
3042992362	900,-300	9
3044725947	900,676	9
3047950970	788,-860	9
3048450972	-412,660	9
3049490924	388,-972	9
3050410526	-1388,-316	9
3051197928	-1308,-316	9
3053725700	804,756	9
3054892296	-748,-300	9
3054962004	-1452,260	9
3056255342	756,-236	9
3056612141	-876,724	9
3057592496	740,1220	9
3057867782	-396,-1356	9
3058066031	-316,1172	9
3058988662	1300,-396	9
3059127975	164,-924	9
3060432016	-1436,132	9
3063060279	-1356,228	9
3063222040	148,676	9
3063282445	-796,372	9
3063371914	276,-988	9
3064108299	308,-1404	9
3064649086	804,-204	9
3064852039	-428,-1260	9
3065897278	804,164	9
3067006888	-732,-812	9
3069321948	1108,164	9
3069813792	1268,804	9
3069880768	-1260,772	9
3070015416	-332,-1372	9
3071462929	1156,-860	9
3072035443	116,-1356	9
3072581392	1316,196	9
3073628725	628,244	9
3075922451	1220,132	9
3077253443	-364,868	9
3079187250	180,1396	9
3079686052	-972,116	9
3081283875	100,-988	9
3082070772	-508,788	9
3084057261	-972,-412	9
3084999490	1124,-284	9
3085977571	-844,772	9
3086844482	228,820	9
3088564557	-300,868	9
3089083439	788,-204	9
3090425020	-348,1332	9
3090441293	-924,628	9
3093917115	596,788	9
3094219829	-1276,-700	9
3094545587	724,-956	9
3096347276	164,1396	9
3096915962	-972,-732	9
3098242771	-780,-844	9
3098551125	-844,-252	9
3099123353	708,1284	9
3100237539	-988,660	9
3100740271	1284,244	9
3100801561	-876,324	9
3102087718	-1436,100	9
3104048816	164,1300	10
3104562583	388,900	9
3104890223	772,-876	9
3105249482	-380,-844	9
3105675062	-924,708	9
3105804838	724,1252	9
3106629543	724,1316	9
3106940611	836,-812	9
3109606171	228,-1084	10
3111101328	-892,724	9
3111149090	244,-1404	9
3115852640	-332,1348	9
3116648555	-1356,244	9
3117076444	-268,1252	9
3118576839	852,-1020	10
3121745352	-844,804	9
3123573179	676,1140	10
3123814256	-284,-988	10
3124051435	-1308,196	9
3125446939	308,708	9
3125800851	-876,884	9
3126231460	260,-1020	9
3126439321	1204,196	9
3126628730	-1004,228	9
3127513700	-812,-892	9
3128471668	-860,-236	9
3129959860	-780,740	9
3130555705	708,244	9
3131501906	628,612	9
3132102928	-460,-1404	9
3132342948	196,-748	9
3132617878	756,-716	9
3137732291	1380,4	9
3138071642	164,1348	9
3138715885	-172,852	9
3139085347	244,1172	9
3139125981	692,228	9
3139633389	-780,852	9
3141083464	788,596	9
3141258759	1300,196	9
3141541401	-524,-1068	9
3144593650	36,1428	9
3145511657	308,-988	9
3146598548	-908,-812	9
3148649390	-1292,-316	9
3151287848	-1340,212	9
3151959835	-1276,-172	9
3155857669	356,-924	9
3159462838	-1020,276	9
3159880314	1268,-364	9
3161258628	-988,36	9
3161414775	-396,-892	9
3161439585	-1356,116	9
3161983637	1284,-700	9
3162248116	724,-380	9
3163135174	1140,-396	9
3164413527	-908,-268	9
3166813871	-1004,-876	9
3168420142	-364,1396	9
3168461429	-348,820	9
3169540391	-812,-1292	9
3169548382	228,1316	9
3170246758	740,1268	9
3170477628	-876,-380	10
3173470248	756,-796	9
3174605897	-988,676	9
3174812380	1220,84	9
3175010991	1316,212	9
3175163600	-300,644	9
3175697837	-252,-956	9
3176110634	-860,-924	9
3176189171	100,1252	9
3178875952	660,1252	9
3178907499	-860,-860	9
3181070294	-1244,580	9
3181210267	244,-860	9
3182166308	1204,116	9
3182353852	-1356,-396	10
3182730288	-204,-1436	9
3184383998	276,-988	9
3185095303	1172,164	9
3185195537	-1356,-380	9
3185813081	1284,772	9
3186471390	-380,-908	9
3187494699	-1228,260	9
3187560442	-316,-1436	9
3189993178	1348,228	9
3191105188	-364,-1388	9
3192428415	228,-1452	9
3193218288	-300,-876	9
3193282284	212,772	9
3193360677	1332,-412	9
3196102657	-780,900	9
3199837978	180,-1420	9
3199958907	244,1204	9
3200873847	36,1300	9
3203179641	196,-828	9
3203345934	-492,1188	9
3203929990	820,-780	9
3205135801	-204,-1292	9
3207588140	-860,-316	9
3208785281	-956,-396	9
3209589581	-844,372	9
3210375646	1236,116	9
3210509456	1300,612	9
3210921298	-1004,-892	9
3211796138	68,-1404	10
3212264551	708,1220	9
3213855551	-348,-1420	9
3214337788	1140,-396	9
3215535456	-508,-892	9
3216191140	836,852	9
3217105008	-1484,244	9
3219078626	1252,788	9
3220095509	836,-828	9
3221223704	756,1252	9
3221314751	-860,868	9
3221417503	756,1188	9
3223018492	788,-844	10
3223955281	756,-732	9
3224227110	-828,-876	9
3225980289	740,260	9
3226165885	-1404,-332	9
3227348958	-236,-1404	9
3227573217	260,-1420	9
3228265534	-1436,-252	9
3228323417	164,-1500	9
3229651313	804,228	9
3231827128	276,580	9
3233596206	1108,-364	9
3234850492	1236,-860	9
3235002077	-908,-428	9
3237145346	260,1316	9
3237762483	724,-876	9
3237887488	-844,-780	9
3238276029	-1436,308	9
3238287582	740,788	9
3238748722	628,-860	9
3238992121	-860,852	9
3240106933	388,1236	9
3240805990	-332,-1404	9
3240941380	-876,-844	9
3242106629	-380,-764	9
3242277846	756,692	9
3243736394	324,1300	9
3244156017	-908,-316	9
3244654469	1172,740	9
3246072430	180,1284	9
3247516466	292,756	9
3248038369	-300,1220	9
3248727076	708,-1036	9
3249379970	-316,1220	10
3251848777	324,-876	9
3252899528	244,1332	9
3253673373	196,-892	9
3254285185	-876,-988	9
3254483024	228,932	9
3256388581	1140,-348	9
3259485816	596,1172	9
3259709168	-332,1220	9
3261987244	708,-1388	9
3262243896	-396,1252	9
3262335762	1412,-396	9
3262365692	916,692	9
3263232252	-876,644	9
3264282197	-332,820	9
3264594534	740,868	9
3264799254	244,-860	9
3265286667	-284,-908	9
3265377227	-908,-252	9
3266448043	-268,-1388	9
3266799209	-860,1236	9
3267076661	1204,116	9
3268085447	-924,-316	9
3268799232	772,-892	9
3268938791	1172,-460	9
3269049938	-1468,-364	9
3269106439	212,-876	9
3270078208	196,-908	9
3271704579	84,-1004	9
3273559213	-332,900	9
3273989934	836,-380	9
3274869410	260,-1420	9
3275883025	196,1220	9
3276073715	676,756	9
3276219598	1172,-876	9
3277318658	1364,180	9
3277835428	68,-1436	9
3278517446	-924,308	10
3280109284	324,-1420	9
3281719302	852,-332	9
3282533350	-1340,36	9
3282751095	228,1284	9
3283281273	-460,-860	9
3284778192	-300,-940	9
3287011314	-444,1252	9
3288589706	-796,-460	9
3290130239	-396,-972	9
3290249829	1412,-188	9
3290614704	1396,-348	9
3291096342	-1404,84	9
3293409985	-300,660	9
3294359909	100,1172	9
3294536797	-764,1140	9
3294924335	-380,-988	9
3297627230	1300,-188	9
3298517070	-844,100	9
3298615991	164,1108	9
3298644482	228,1300	9
3298725449	-796,660	9
3299542257	180,708	9
3300188355	1268,276	9
3300607864	-1436,356	9
3301353987	1284,132	9
3301459316	84,1300	9
3301624853	164,-1276	9
3301899376	1316,-348	9
3302085835	180,-1372	9
3302263432	-188,-956	9
3302937694	1428,-444	9
3303118402	-924,884	9
3303819818	244,-1020	9
3304078285	-476,1300	9
3305119491	-412,-748	9
3305850138	724,-364	9
3306736063	1140,836	9
3306744147	-908,-940	9
3308034459	356,1284	9
3308778093	-924,644	9
3308943561	276,1220	9
3309822376	-828,1300	9
3310166952	260,1252	9
3311700893	-812,756	9
3311849006	244,-1436	9
3312108791	-428,-764	9
3312611952	788,596	9
3313555857	-1420,68	9
3313705312	1332,-364	9
3313714394	-1404,-284	9
3315775179	-1020,-844	9
3317731621	-1340,596	9
3318903554	324,-892	9
3320646304	-1020,276	9
3322105272	-1404,244	9
3324962686	-924,-796	9
3325294398	820,660	9
3325781586	-924,-972	9
3325935194	-156,-1468	9
3327321395	660,-956	9
3327769052	228,-1260	9
3328137256	148,-1372	9
3329294541	-988,-460	9
3332967772	68,1428	9
3334039428	1236,-492	9
3334139966	724,740	9
3334938875	820,772	9
3341055480	84,724	9
3341201778	1284,340	9
3343469148	-940,292	9
3344644064	-236,1252	9
3345258438	628,1252	9
3345665896	868,116	9
3345780429	-1420,68	9
3348265806	-316,820	9
3348427555	-284,1172	9
3350967391	644,564	9
3351045813	-1308,644	9
3351326521	-332,-940	9
3351368513	884,116	9
3352852580	-972,-396	9
3353413404	-396,820	9
3354325241	212,836	9
3354364989	-940,-332	9
3354387190	-364,1220	9
3355475689	-892,164	9
3356696182	580,708	9
3357162533	1252,116	9
3357907782	-348,-908	9
3357942572	1156,-380	9
3359077396	228,724	9
3359185105	52,-1036	9
3359628751	1380,-460	9
3360559305	692,-828	9
3361082013	-892,-220	9
3362444278	-236,1172	9
3362981684	-316,1284	10
3363493205	1332,-268	9
3364085208	836,660	9
3364425475	68,804	9
3364675675	852,-764	9
3366718586	1316,324	9
3366988225	1284,-316	10
3367634756	-348,-1404	9
3368033270	196,852	10
3368158205	-364,-876	9
3370751650	1364,212	9
3371032193	-1420,-300	9
3371507446	644,836	9
3373539675	1380,-204	9
3373750027	-1340,100	9
3375540696	260,-828	9
3375766960	-332,884	9
3375876781	1236,4	9
3376204111	180,1300	9
3379521763	1332,100	9
3381866514	884,-908	9
3382101934	-860,660	9
3382971240	1188,-220	9
3383967920	1220,-796	9
3386117468	804,756	10
3388428889	660,-1292	9
3388649419	-380,-876	9
3390649068	324,-812	9
3394377288	84,-1452	9
3395553255	-956,852	9
3398003767	724,820	9
3398307410	-908,-364	9
3398429321	180,1268	9
3398938573	1364,-332	9
3400442594	1172,692	9
3400914124	-780,548	9
3402288743	548,596	9
3403292210	116,-1468	9
3405596546	-764,196	9
3406881770	-892,1140	9
3408229348	-940,596	9
3410220288	340,-1004	9
3410610991	36,-748	9
3411695566	-828,788	9
3412294122	-1388,308	9
3413273770	-284,-1052	9
3413395013	52,-940	9
3413874911	-300,-1436	9
3416805518	596,820	9
3417584921	772,1284	9
3418281609	84,1316	9
3418311621	-396,1172	9
3419344545	276,884	9
3420052153	-828,132	9
3420097348	-428,-1308	9
3420169058	-364,868	9
3420281358	-396,-348	9
3421096497	1268,-332	9
3421488624	1444,-396	9
3421747764	-476,1332	9
3422210626	708,-988	9
3422272998	-732,804	9
3423440514	372,-1388	9
3425173627	-748,1188	9
3426179518	244,772	9
3426321587	676,-1036	9
3427486385	660,-1004	9
3427840925	676,692	9
3428029623	820,-844	9
3428137744	1316,612	9
3430813178	1108,228	9
3431024176	-348,708	9
3431433715	628,708	9
3432042704	-1356,-204	9
3432294886	-956,-892	9
3433575608	-1340,84	9
3435243526	1412,196	9
3437339282	756,1236	9
3440938960	100,1252	9
3445842725	-268,-1340	9
3446708832	-348,836	10
3446790463	-860,-1084	9
3448178145	-396,-1436	9
3448608305	-796,-828	9
3450498688	-812,1124	9
3450687670	-1292,724	9
3451493173	164,-1356	9
3452493406	-812,244	9
3452515316	-460,-924	9
3452536365	628,692	9
3454354123	1268,836	9
3454373137	1268,-300	9
3454923734	-284,1124	9
3456098718	852,804	9
3456133152	-300,1284	9
3456781238	-1084,756	9
3460405849	68,1268	9
3461221232	-444,1364	9
3461286687	-908,148	9
3461581606	-796,-460	9
3462616934	1108,180	9
3463181751	708,708	9
3463330159	-268,852	9
3463543219	1188,228	9
3465097146	676,644	9
3465488555	-908,-956	9
3465962497	-892,100	9
3468133128	644,-924	9
3468696584	1268,-300	9
3468940956	692,-844	9
3470273214	372,1268	9
3470904348	-1340,612	9
3471285803	-412,724	10
3471366870	-428,1188	9
3472794316	148,820	9
3473130909	-428,-1020	9
3476769799	-1292,772	9
3477289898	1268,-300	9
3477360992	-1532,-220	9
3478503543	724,-892	9
3478768103	-924,-316	9
3481263118	-252,-844	9
3484656313	-1292,340	9
3484960079	-380,-1388	9
3486845915	692,1268	9
3488562800	884,-1052	9
3489365504	-268,836	9
3489905019	-780,820	9
3491737556	-908,820	9
3492346121	-220,1252	9
3492839481	132,1268	9
3493644304	228,-1388	9
3493784721	-892,692	9
3494257893	1124,-940	9
3494536403	756,-268	9
3495285421	164,-1388	9
3496133568	-1004,772	9
3496862061	116,-1420	9
3497451630	-268,-972	9
3497984491	116,1348	9
3497989737	-252,-892	9
3498197475	1172,-396	9
3498781667	-236,-972	9
3499051918	628,740	9
3499557824	-748,836	9
3501367392	-428,1204	9
3501659037	308,-1436	10
3501710478	324,804	9
3502021121	1268,-364	9
3502146213	-348,-1308	9
3502450112	196,836	9
3502644520	1268,-284	9
3507167834	932,-716	9
3507217102	-844,-428	9
3507901392	-348,-860	9
3509732451	852,-252	9
3509994308	612,724	9
3511582918	1348,-332	9
3514022739	228,1348	9
3514477498	132,1268	9
3516800271	772,356	9
3516997561	-380,-1388	9
3519652647	-860,-988	9
3520703003	340,1364	9
3520845983	1156,196	9
3522920609	772,1204	9
3523989894	-924,-892	9
3524906776	116,-1260	9
3526116366	804,-780	9
3526404634	756,-316	9
3526511882	-892,804	9
3526721178	36,1092	9
3528294913	356,-1436	9
3528521525	-332,-892	9
3529303670	1428,228	9
3529930094	244,-1452	9
3531874605	756,-1036	9
3532280951	-1244,-348	9
3532512972	1268,196	9
3533301344	644,884	9
3534765187	-716,740	9
3535015627	1172,756	9
3535457825	260,-1324	9
3537132794	740,196	9
3537391456	724,916	9
3537458861	788,-844	9
3537481997	-812,-380	9
3537799333	868,772	9
3543937132	788,756	9
3544079892	-924,-940	9
3546697914	164,-924	9
3548599171	1220,-812	9
3549273947	740,1284	9
3549322709	-332,-1324	9
3549508749	-508,724	9
3549693462	788,1284	9
3550264996	-380,-1340	9
3550914333	1188,660	9
3551262168	1380,276	9
3552361965	356,1428	9
3553397127	1204,-796	10
3553648891	-428,1252	9
3557051182	-1276,756	9
3557533862	-876,1252	9
3559672099	1364,260	9
3561064471	-364,852	9
3561282202	852,-348	9
3561304882	-748,596	9
3564393518	-316,1428	9
3564505935	-1276,-364	10
3564602412	-268,820	9
3564760294	-876,-220	9
3564824103	852,-844	9
3565763438	1252,-812	9
3566091072	868,-396	9
3566162331	-908,-460	9
3566368447	-284,1316	9
3567160607	-796,-844	9
3567478178	-844,676	9
3568434704	-236,-908	9
3569513446	852,260	9
3572986327	740,724	9
3573044863	228,-988	9
3573424500	660,756	9
3574411871	-860,148	9
3576978420	-956,100	9
3577608262	-1260,260	9
3578134335	84,-1452	9
3578434297	276,-1388	9
3578654427	-252,-1356	9
3580650711	-428,788	9
3580742082	708,-444	9
3581401448	1252,100	9
3582413701	-860,820	9
3582473063	-412,-972	9
3582856467	-796,-956	9
3585252632	164,1348	9
3586047761	-1388,-524	9
3587093624	-476,692	9
3588327218	1188,196	9
3588590239	1364,212	9
3589114083	-284,-940	9
3589444428	-988,196	9
3592097657	756,-460	9
3592595109	244,740	9
3594208473	-924,-332	9
3594623023	756,756	9
3594701546	196,788	9
3594802538	-860,-1084	9
3595643079	740,804	9
3596256451	-700,-1324	9
3596306106	1348,-252	9
3597247258	-348,-1276	9
3599596214	-1020,-236	9
3600035552	1156,244	9
3601423355	-1356,-364	10
3601720816	644,772	9
3604128864	644,868	9
3604305482	68,820	9
3606851463	100,836	9
3607155629	644,756	9
3608046354	-1452,260	9
3608555560	708,612	9
3609415633	-1036,-332	9
3610101290	-892,-908	9
3614381371	1156,-316	9
3615213365	-956,-364	9
3616925993	-844,-396	9
3618177583	-300,1204	9
3620301517	1364,628	9
3620576307	-252,804	9
3621292608	1156,-316	9
3623281362	-364,836	9
3623880420	756,196	9
3623992661	676,-940	9
3624602059	-956,-348	9
3625410840	-972,-348	9
3627624160	-444,884	9
3628061457	132,1332	9
3630214507	372,1332	9
3632797222	612,-860	9
3637387686	-396,660	9
3638121686	-1036,884	9
3640403725	-956,276	9
3640520773	756,-844	9
3641117049	-476,-1420	9
3641512024	-428,-1068	9
3642356115	-988,-284	9
3644889823	916,-828	9
3644932452	-156,1316	9
3645153572	788,372	9
3646707668	-1388,196	9
3648809393	1236,628	9
3650089232	644,-892	9
3651426096	772,-476	10
3651487658	1156,836	9
3652117947	756,-828	9
3652241840	-428,1284	9
3652946797	-892,-300	10
3653079617	740,-412	9
3653545264	-956,772	9
3654227710	1364,-268	9
3656077963	-316,-1052	9
3657668147	1204,164	9
3658223663	212,-1388	9
3658597944	1204,-828	9
3658857062	772,-364	9
3659127474	1236,-796	9
3660910411	-204,-956	9
3661172881	1332,52	9
3662177388	-1484,116	9
3663622691	-380,-1004	9
3663878512	1236,612	9
3664779789	-380,-1404	9
3665975464	-1020,-380	9
3666246061	692,292	9
3666722057	260,772	9
3668671391	-412,1396	9
3674023308	-844,-1004	9
3677323174	324,1412	9
3677465983	1380,-412	9
3679853862	804,-844	9
3680334668	580,1220	9
3680933006	-892,-924	9
3681092951	4,1188	9
3681193756	740,-908	9
3681414199	756,-300	9
3681518902	1364,-380	9
3682068143	1300,372	9
3682138192	-348,1220	9
3683323373	-284,-988	9
3685663363	-412,1252	9
3685829240	1156,-940	9
3685875478	-1324,-412	9
3686542943	372,772	9
3689021847	148,740	9
3690018243	580,628	9
3690639004	-844,-812	9
3690926224	-780,740	9
3691300742	-332,692	9
3691514997	-812,-828	9
3692560374	564,692	9
3693868706	884,-380	9
3694826045	212,1252	9
3695946606	-428,-1292	9
3696516453	1172,132	9
3697394342	1316,-220	9
3697398565	-428,612	9
3699056909	-812,708	9
3699365495	-348,1444	9
3703155518	1268,788	9
3703829415	-860,740	9
3703876843	1332,212	9
3704117482	-1372,132	9
3704346722	-1292,228	9
3705356317	-876,1204	9
3706915540	-812,-828	9
3707615591	260,1268	9
3708634935	-1020,-316	10
3709676121	-524,1252	9
3709974570	-892,-1020	9
3711584821	-252,1172	9
3712234514	1300,596	9
3713141821	916,628	9
3714262985	1236,900	9
3716248178	228,1220	9
3718543273	-364,1124	9
3719216109	-364,-956	9
3719862840	-1388,-364	9
3720005041	-988,-380	9
3720180814	596,820	9
3720278285	772,-252	9
3720595437	-956,228	9
3720697196	-732,-924	9
3722123438	-876,84	9
3722848353	-348,1252	9
3722950781	756,1268	9
3722954401	1460,228	9
3726715770	1140,164	9
3727195139	-748,708	9
3728213146	-972,900	10
3728768144	180,-1436	9
3729153560	1300,-396	9
3730896808	788,-956	9
3731590552	100,-1340	9
3731626589	-1372,100	9
3731942245	644,1300	9
3732471857	-956,212	9
3732757862	628,-892	9
3733903805	-1468,132	9
3734505154	-1308,-204	9
3734553537	-460,1300	9
3735463283	1284,-428	9
3735950475	708,-924	9
3736368293	1300,100	9
3736471103	1236,244	9
3738016469	-236,1284	10
3738560736	836,-332	9
3738757881	-492,-876	9
3739813991	-412,1284	9
3742187147	276,-1292	9
3742745611	-812,788	9
3743322634	1300,52	9
3743537926	1172,196	9
3743907276	-1340,-428	9
3745414717	-252,1460	9
3749122272	1268,228	9
3750230941	-748,-892	9
3750798858	212,-828	9
3752523524	-1372,68	9
3753235276	772,228	9
3753848532	-780,-268	9
3755155189	1380,356	9
3755530180	244,772	9
3756340108	-860,84	9
3757498029	1348,228	9
3758441861	-956,772	9
3758829368	196,-972	9
3760052295	196,-1036	9
3760245329	-1260,-412	9
3761200673	756,868	9
3761905918	1188,340	9
3762391639	-316,1364	9
3762676998	660,1316	9
3763439469	-1036,-236	9
3763480573	-428,-988	9
3764053135	-220,-1388	9
3766872460	756,-844	9
3766878106	-764,260	9
3768847891	756,724	9
3769160867	148,1284	9
3771034568	276,-892	9
3771302731	788,852	9
3771573615	612,-988	9
3771781417	164,-1292	9
3771835188	1140,788	11
3772730698	-348,-956	9
3774276265	1396,228	9
3775093388	1316,-412	9
3775258776	-892,-1052	9
3775932794	-332,-1356	9
3776031908	-988,-988	9
3777093548	900,-716	10
3777478411	1380,-364	9
3778761374	644,-844	9
3780521280	-508,708	9
3782150892	1220,772	9
3784461943	1156,244	9
3785206653	1124,-812	9
3787884777	596,1188	9
3788961669	1316,260	9
3789929777	-924,-204	9
3790249731	-892,-796	9
3790338441	1300,-316	9
3791202110	900,-428	9
3792048383	1284,244	9
3793744793	1140,-156	9
3794455900	1220,-364	9
3796362822	708,-252	10
3796389125	-444,-1308	9
3796740425	804,-876	9
3796849101	708,-284	9
3796849716	324,1204	9
3797932865	212,1124	9
3797985990	212,1364	9
3798328173	-316,1332	9
3800530901	-972,820	9
3800680017	356,1284	9
3801050901	260,-892	9
3802383386	-780,1268	9
3806151462	-892,612	9
3810840706	-380,-1356	9
3811437391	-492,-1260	9
3813507349	-268,-716	9
3814152611	740,-252	9
3814710260	-796,-460	9
3814805991	-860,36	9
3818014355	-1468,-332	9
3818505222	-252,1236	9
3820103555	292,1348	9
3822163505	-508,692	9
3823823726	1172,836	9
3824322046	-844,212	9
3825111110	852,-300	9
3825825233	164,-956	9
3826010215	-284,820	9
3826433021	-1420,-268	9
3827603221	-1020,84	9
3828977148	-1020,-956	9
3830989444	-876,1220	9
3831772714	-940,-348	9
3831905017	884,-524	9
3832363598	-972,1188	9
3833303542	-444,596	9
3835157171	1284,740	9
3835657940	-236,-1484	9
3835997742	-876,244	9
3836844849	-972,-860	9
3837408397	788,164	9
3837415700	740,36	9
3838938356	660,820	9
3839184890	740,-892	9
3839302151	-1356,52	9
3839346279	1172,212	10
3840956611	84,1316	9
3841054364	-1020,-236	9
3842275923	-972,676	9
3843652886	228,1156	10
3844111938	676,564	9
3845588588	1364,228	9
3847946983	676,-252	9
3848747586	308,1316	9
3848959282	260,-892	9
3850627189	596,1284	9
3852016558	-460,1220	9
3852379551	-956,-348	9
3853216315	-1324,180	9
3853757752	1284,116	9
3854170704	1300,740	9
3854404339	724,836	9
3855101855	692,1172	9
3855475060	708,-316	9
3855580432	-396,-1020	9
3856015407	1220,772	9
3857905913	852,180	9
3858293963	-924,-908	9
3859157620	1220,244	9
3859189573	676,-268	9
3862818886	660,724	9
3863037243	660,820	9
3865892149	-1276,244	9
3866229467	-1004,-812	9
3867109737	724,1140	9
3867471724	116,-860	9
3868062624	756,212	9
3870775088	-876,-220	9
3870825326	548,-1004	9
3871829202	804,1236	9
3872114471	1284,-380	9
3873832811	1284,-284	9
3875566803	-940,900	9
3876032904	148,852	9
3877888154	-396,1364	9
3879753318	-940,-908	9
3879810234	-1452,276	9
3880420484	-396,1364	9
3880756982	612,836	9
3881376500	-844,692	9
3881694993	1252,-364	9
3883639556	644,1268	9
3884879947	196,-748	9
3885633423	-332,-924	9
3886418762	676,1220	9
3887674458	708,-956	9
3888119883	868,196	9
3889079320	-1356,228	9
3889199290	1268,-444	9
3890737091	-156,740	9
3893808793	-732,804	9
3895911637	1220,-444	9
3896370242	644,-1084	9
3898269002	-956,356	9
3898360216	1348,580	9
3899239310	-172,1252	9
3903204612	-956,-332	9
3903962602	884,-860	9
3904906767	212,1380	9
3905191272	164,-908	9
3905547102	1380,-252	9
3905846423	1332,-332	9
3908277969	1172,-316	9
3909406917	-780,868	9
3910013505	132,660	9
3910740371	1108,-940	9
3912192120	-860,-876	9
3912294871	788,788	9
3912654850	-364,-796	9
3913116826	1364,276	9
3915033163	-1004,308	9
3915387562	1284,-300	9
3916041571	-812,676	9
3916915826	1236,-380	9
3917253839	-428,-1372	9
3918344205	1348,676	9
3920465836	1252,-332	9
3921515213	660,-828	9
3923338620	1300,-332	9
3926290702	-780,100	10
3926791588	-860,740	9
3927382786	-908,-828	9
3929772405	-1260,-444	9
3930520916	-252,644	9
3932588649	212,1316	9
3932771677	884,836	9
3933087806	-780,1284	9
3934612347	-940,-444	9
3935265597	820,788	9
3937505058	820,308	9
3938272324	292,-780	9
3940066696	260,-924	9
3942802689	-972,-220	9
3943276983	1460,68	9
3943287574	868,820	9
3943518827	-348,1124	9
3944264553	-924,-764	9
3945050658	1236,612	9
3945833055	1124,-972	9
3946669670	-972,-956	9
3946872815	1220,308	9
3947263297	-396,-940	9
3949440770	692,660	9
3949561638	740,-860	9
3952286431	-316,1364	9
3952571531	-140,708	9
3953329864	-316,804	9
3953397347	196,1204	9
3954216285	-156,1316	9
3954848472	676,-780	9
3956754910	132,1428	9
3957940690	-796,-924	9
3958312599	-1308,676	9
3960316497	-1388,-172	9
3961022008	1316,-172	9
3961693193	-1004,756	9
3962256814	116,-908	9
3963030911	788,1140	9
3963578908	164,-1388	9
3963656847	100,1332	9
3966588081	-1308,628	9
3966724185	356,-1420	9
3967930614	1204,-876	9
3969262774	740,756	9
3969298484	1268,724	9
3969328703	-940,804	9
3969400453	-380,-1388	9
3970596587	-716,-796	9
3971761785	-1340,596	9
3972340692	692,724	9
3974270838	228,1364	9
3974761275	740,772	9
3975623333	-1436,-204	9
3975807074	788,-316	9
3977512672	628,-924	9
3977839677	-428,1268	9
3978296750	-444,1316	9
3979858039	-940,-780	9
3980616572	-812,756	9
3981137184	-812,724	9
3982381171	1332,-460	9
3982396226	-412,-1356	9
3985501744	-892,-924	9
3985785924	-908,1156	9
3986130147	1332,164	9
3986631869	1428,-348	9
3990242376	820,196	10
3992089954	292,1236	9
3992439790	-1420,132	9
3996086858	-316,788	9
3998063321	-1324,-252	9
4000184143	628,148	9
4003056445	148,1220	9
4003763023	-316,-1340	9
4004147064	-988,-364	9
4005328131	-908,1172	9
4005564539	212,-1452	9
4006850588	772,1220	9
4007386257	820,-812	9
4009193538	-924,756	9
4012429876	-828,-332	10
4012887214	-924,212	9
4013654033	-956,-732	9
4018401767	1284,180	9
4021899021	772,-348	9
4023888900	-1260,-412	9
4024034287	-988,884	9
4025078491	-348,1092	9
4025975480	1252,244	9
4029612526	276,1252	9
4031044557	-364,628	9
4034201283	-828,-924	9
4035363626	676,-1324	9
4040353416	-1372,148	9
4040394852	756,-892	9
4040943357	-748,1220	9
4042872231	772,756	9
4043067222	308,740	9
4044160831	660,-780	9
4044974081	-1324,-236	9
4045222736	308,-1068	9
4045487356	356,-1324	9
4045634908	820,260	9
4046412498	820,1220	9
4047155401	-332,-1004	9
4047323235	244,1412	9
4047802485	724,276	9
4048689927	724,-924	9
4049671614	-300,1380	9
4050911974	788,-332	9
4051810840	-780,196	9
4052298481	772,1268	9
4053120321	900,-876	9
4053524547	-268,1268	9
4057122783	308,1364	9
4059990021	-844,-396	9
4061940082	772,-828	9
4062333610	-908,116	9
4062510694	36,740	9
4064225683	660,932	9
4064944610	-396,-956	9
4066036932	596,868	9
4066275816	-428,-1228	9
4067068325	180,-972	9
4067173431	1316,-332	9
4067560566	-940,84	9
4068731665	1204,-236	9
4071629966	-1404,244	9
4072545999	-908,644	9
4074333597	-1484,164	9
4074500498	628,1268	9
4074779685	-380,-940	9
4075260791	-924,-1004	9
4076229759	260,756	9
4076526896	180,-828	9
4077401725	196,1236	9
4077595679	-764,1204	9
4077603483	-1372,276	9
4078955732	-908,-796	9
4079024582	-764,852	9
4079813351	772,628	9
4080230606	-796,-764	9
4080880815	-732,1204	9
4080899100	-1404,-460	9
4081375917	1188,-476	9
4083580736	-876,1140	9
4084994968	580,-876	9
4085174131	-1420,-220	9
4085848760	-412,1236	9
4085976101	-876,68	9
4086008519	820,-956	9
4088161746	-1244,100	9
4088603518	308,-1340	9
4089734328	260,-988	9
4091521073	788,-892	9
4092621422	772,-396	9
4093035983	1140,-316	9
4093181612	-1020,-716	9
4093350316	-764,900	9
4094329980	676,1188	9
4094492160	-988,-316	9
4095437632	-284,1380	9
4097698774	132,1412	9
4097967466	-812,324	9
4099296251	-908,180	9
4100534267	-364,1316	9
4102096221	148,-1436	9
4105403146	804,1124	9
4106325282	-348,1220	9
4107838788	244,1380	9
4108511213	-396,-860	9
4108986644	676,1316	9
4110174710	-412,1348	9
4111253585	-300,1380	9
4111577550	1380,-268	9
4111921158	1220,740	9
4112345783	-844,-1020	9
4112508027	1284,-252	9
4113049367	-1452,-428	9
4113193811	884,-780	9
4114946764	-268,-924	9
4117826204	1300,36	10
4118398929	-492,900	9
4118430312	1140,-220	9
4118567689	100,-892	9
4118598504	-396,-1388	9
4118676346	-908,-844	9
4120163197	-988,-1020	9
4121101399	788,-316	9
4121711755	-332,-1372	9
4123504326	100,1220	9
4124430048	-908,884	9
4125744088	-876,-908	9
4125785921	-940,852	9
4126634031	740,180	9
4127300818	-1004,148	9
4129687305	-508,708	9
4130353771	-828,-780	9
4132301992	-828,292	9
4132398109	-828,-428	9
4132847895	-204,-876	9
4133466354	-252,820	9
4133747730	-956,164	9
4133980376	-1036,-460	9
4135198966	164,1284	9
4137156909	1092,-940	9
4137288395	-796,68	9
4137746557	-972,-876	9
4137782816	-1452,-172	9
4138677135	1252,164	9
4142607849	692,1172	9
4143265478	-1244,-332	9
4144717323	756,-844	9
4144916274	-1324,-428	9
4145284616	1268,180	10
4148609320	660,1204	11
4149834899	-844,-876	9
4149914681	1236,740	9
4150529108	-380,660	9
4151266718	-396,1332	9
4151520949	100,-892	9
4151720526	-1260,724	9
4156083960	116,-1324	9
4156485678	628,1268	9
4158264119	356,-1468	9
4160614728	292,-972	9
4161788932	292,-1404	9
4161840001	132,-764	9
4166944333	756,740	9
4167548697	-1388,-284	9
4168321743	628,724	9
4168369326	-300,1204	9
4170103347	628,-1276	9
4170664128	644,564	9
4170927509	-828,756	9
4171075077	-876,212	9
4171127266	-380,1396	9
4171810431	-1292,228	9
4172932005	-876,708	9
4173010983	-796,-1260	9
4173429897	644,-748	9
4173665715	1188,372	9
4175045109	196,-940	9
4175382339	740,788	9
4175937380	-1052,-316	9
4178386304	-1516,180	9
4180346616	1188,836	9
4180477161	324,772	9
4180591614	660,1268	9
4181396763	-220,644	9
4181622261	724,-876	9
4183712162	-284,724	9
4184701272	724,212	9
4188955239	1172,-252	9
4189031622	212,724	9
4191292727	164,-1036	9
4191661094	1156,324	9
4192888918	660,-1372	9
4193628352	-780,-300	9
4195453367	260,788	9
4195713761	-844,180	9
4196293049	612,-908	9
4197570887	-700,1268	9
4197690716	-764,740	9
4197814206	-492,-988	9
4197961485	84,660	9
4199487858	-1004,-268	9
4199669685	-924,-876	9
4199694526	100,-988	9
4203158219	-780,1156	9
4203454258	-236,-1436	9
4203681906	-780,612	9
4204184620	-348,676	9
4205206149	836,788	9
4207243103	692,-860	9
4207779265	-860,-508	9
4208030281	228,-1036	9
4209053365	788,1316	9
4209598242	1396,68	9
4209815081	-812,660	9
4209846155	-796,-204	9
4210033859	196,1316	9
4213191242	196,-1324	9
4214341059	-476,708	9
4214546527	-364,1140	9
4217195464	-1020,-828	9
4218293469	-860,164	9
4218692241	-380,-1356	9
4219452755	1108,-300	9
4221617705	-188,1380	9
4222761849	-812,724	9
4224559263	-332,1220	9
4224812364	1300,756	9
4225549597	196,852	9
4227389868	-972,68	9
4228376461	692,-876	9
4229262888	1220,-220	9
4229765591	1268,-828	9
4230016463	-1420,-428	9
4230907393	724,1236	9
4231746333	-332,-956	9
4232263922	-796,-364	9
4232689386	212,1156	9
4237408929	836,116	10
4239147723	-1020,-524	9
4240071957	276,1364	9
4244020468	1156,196	9
4244131193	-924,-204	9
4244162090	676,-348	9
4244429497	740,-844	9
4246559194	164,-1404	9
4248564054	-268,-1388	9
4249959799	-1356,116	9
4250195235	116,-1436	9
4250540542	-1388,244	9
4250792614	116,1300	9
4251796094	308,1140	9
4252312469	308,756	9
4252715065	1204,-908	9
4253643831	260,-1404	9
4253970356	-972,-860	9
4254437500	804,1108	9
4254577319	-972,-972	9
4255439299	-1388,196	9
4255713551	1364,-412	9
4256335824	1284,180	9
4257930352	-956,-924	9
4258139518	772,-188	9
4258300601	1412,-236	9
4259451221	-828,740	9
4260705430	244,-1004	9
4262508752	1236,-252	9
4263885756	1092,660	9
4264152545	-252,-972	9
4265308437	1252,-300	10
4266376965	1332,340	9
4266413906	868,-796	9
4267898880	1172,-396	9
4267927465	852,836	9
4271368481	-444,884	9
4273391599	1236,884	9
4274011198	-412,788	9
4274312089	-1068,788	9
4276305535	1188,660	9
4277167917	-1276,340	9
4279898452	276,-1420	9
4280289965	772,644	9
4282217164	116,-988	9
4282894779	756,-284	9
4283508084	1220,-364	9
4287237522	932,164	9
4288860761	276,-780	9
4289349756	-1468,-252	9
4290270876	84,-972	9
4290555916	-1356,276	10
4291521977	-1420,-284	9
4293092068	1220,-780	9
4293818356	-1420,148	9
4294265676	-316,1332	9
